£Registo User Tracker Data;V3;Tese de Mestrado de Francisco Henriques Venda, 73839;Inicio de Registo : 04/08/2016, 16:51:56;Pasta Original : C:\Users\venda\Documents\GitHub\creepytracker\Recordings\;Nome Ficheiro Original : UTD_V3_20160804T165156.txt;Info complementar : EDITOR, Windows;£
«0_0.0125131_0_2016-08-04-16-51-56-220&0,487|1,002|0,622!-0,116|0,623|0,205|0,746!&$2
«1_0.4517515_0.4392384_2016-08-04-16-51-56-659&0,487|1,002|0,622!-0,116|0,623|0,205|0,746!&$2#Sensor=VANESSA/UID=1/HandLeftState=Null/HandLeftConfidence=Null/HandRightState=Null/HandRightConfidence=Null/head=2.182:0.909:0.019/neck=2.123:0.81:0.014/spineShoulder=2.098:0.743:0.014/spineMid=2.015:0.54:0.007/spineBase=1.898:0.268:-0.013/leftShoulder=2.219:0.597:0.069/leftElbow=2.073:0.557:-0.146/leftWrist=2.273:0.52:-0.332/leftHand=2.298:0.521:-0.357/leftThumb=2.311:0.55:-0.357/leftHandTip=2.328:0.514:-0.395/leftHip=1.944:0.24:-0.012/leftKnee=1.918:0.289:-0.363/leftAnkle=1.784:-0.031:-0.248/leftFoot=1.695:-0.082:-0.27/rightShoulder=1.92:0.726:-0.052/rightElbow=2.024:0.52:-0.212/rightWrist=2.213:0.493:-0.288/rightHand=2.242:0.523:-0.316/rightThumb=2.253:0.55:-0.347/rightHandTip=2.333:0.515:-0.354/rightHip=1.818:0.311:-0.08/rightKnee=1.593:0.277:-0.354/rightAnkle=1.718:-0.038:-0.201/rightFoot=1.655:-0.108:-0.259?TrackingKneeRight=1.593:0.277:-0.354^Tracked/TrackingKneeLeft=1.918:0.289:-0.363^Tracked/TrackingKneeRight=2.019:0.21:-0.217^Inferred/TrackingKneeLeft=1.757:-0.217:-0.325^Inferred/TrackingKneeRight=1.604:0.268:-0.139^Tracked/TrackingKneeLeft=1.849:0.242:-0.182^Tracked/MeanKneeRight=1.739:0.252:-0.237/MeanKneeLeft=1.841:0.105:-0.29MeanTrackKneeRight=1.599:0.272:-0.247/MeanTrackKneeLeft=1.883:0.266:-0.272#Sensor=ESTEVES/UID=2/HandLeftState=Null/HandLeftConfidence=Null/HandRightState=Null/HandRightConfidence=Null/head=1.964:0.973:0.284/neck=1.914:0.925:0.321/spineShoulder=1.906:0.906:0.316/spineMid=1.881:0.852:0.304/spineBase=1.842:0.779:0.29/leftShoulder=1.844:0.918:0.226/leftElbow=1.764:0.834:0.235/leftWrist=1.746:0.735:0.185/leftHand=1.724:0.721:0.193/leftThumb=1.716:0.723:0.201/leftHandTip=1.713:0.715:0.174/leftHip=1.787:0.765:0.276/leftKnee=1.68:0.588:0.249/leftAnkle=1.68:0.513:0.367/leftFoot=1.654:0.484:0.329/rightShoulder=1.979:1.028:0.353/rightElbow=1.985:0.919:0.378/rightWrist=2.042:0.846:0.401/rightHand=2.063:0.821:0.408/rightThumb=2.067:0.814:0.411/rightHandTip=2.071:0.813:0.409/rightHip=1.87:0.795:0.314/rightKnee=1.908:0.901:0.225/rightAnkle=1.951:0.729:0.286/rightFoot=1.902:0.701:0.261?TrackingKneeRight=1.908:0.901:0.225^Inferred/TrackingKneeLeft=1.68:0.588:0.249^Tracked/MeanKneeRight=1.908:0.901:0.225/MeanKneeLeft=1.68:0.588:0.249MeanTrackKneeRight=1.599:0.272:-0.247/MeanTrackKneeLeft=1.816:0.373:-0.099
«2_0.5968528_0.1451013_2016-08-04-16-51-56-805&0,487|1,002|0,622!-0,116|0,623|0,205|0,746!&$1
«3_0.642397_0.0455442_2016-08-04-16-51-56-850&0,487|1,002|0,622!-0,115|0,624|0,205|0,745!&$1
«4_0.7104546_0.0680576_2016-08-04-16-51-56-918&0,487|1,002|0,623!-0,117|0,621|0,205|0,747!&$1
«5_0.7494901_0.0390355_2016-08-04-16-51-56-957&0,487|1,002|0,622!-0,117|0,623|0,205|0,746!&$1
«6_0.7884162_0.0389261_2016-08-04-16-51-56-996&0,487|1,002|0,622!-0,116|0,624|0,205|0,746!&$1
«7_0.8259631_0.0375469_2016-08-04-16-51-57-034&0,487|1,002|0,623!-0,117|0,621|0,204|0,747!&$1
«8_0.8852148_0.0592517_2016-08-04-16-51-57-093&0,487|1,002|0,622!-0,116|0,623|0,205|0,746!&$1
«9_0.9239299_0.0387151_2016-08-04-16-51-57-132&0,487|1,002|0,622!-0,117|0,622|0,204|0,747!&$1
«10_0.9618628_0.0379329_2016-08-04-16-51-57-170&0,487|1,002|0,622!-0,116|0,623|0,205|0,746!&$1
«11_1.0094136_0.0475508_2016-08-04-16-51-57-217&0,487|1,002|0,623!-0,117|0,622|0,204|0,747!&$1
«12_1.0476539_0.0382403_2016-08-04-16-51-57-255&0,487|1,002|0,622!-0,116|0,623|0,205|0,746!&$1
«13_1.0840481_0.0363942_2016-08-04-16-51-57-292&0,487|1,002|0,622!-0,117|0,622|0,205|0,746!&$1
«14_1.1242384_0.0401903_2016-08-04-16-51-57-332&0,487|1,002|0,622!-0,116|0,623|0,205|0,746!&$1
«15_1.1604801_0.0362417_2016-08-04-16-51-57-368&0,487|1,002|0,622!-0,114|0,625|0,205|0,745!&$1
«16_1.196006_0.0355259_2016-08-04-16-51-57-404&0,487|1,002|0,622!-0,116|0,623|0,205|0,746!&$1
«17_1.2282231_0.0322171_2016-08-04-16-51-57-436&0,487|1,002|0,622!-0,117|0,623|0,205|0,746!&$1
«18_1.2637579_0.0355348_2016-08-04-16-51-57-471&0,487|1,002|0,622!-0,116|0,624|0,205|0,745!&$1
«19_1.2981245_0.0343666_2016-08-04-16-51-57-506&0,487|1,002|0,623!-0,117|0,621|0,204|0,747!&$1
«20_1.3319222_0.0337977_2016-08-04-16-51-57-540&0,487|1,002|0,623!-0,117|0,621|0,204|0,747!&$1
«21_1.3682696_0.0363474_2016-08-04-16-51-57-576&0,487|1,002|0,622!-0,117|0,623|0,205|0,746!&$1
«22_1.4015791_0.0333095_2016-08-04-16-51-57-609&0,487|1,002|0,622!-0,116|0,623|0,205|0,746!&$1
«23_1.4351068_0.0335277_2016-08-04-16-51-57-643&0,487|1,002|0,622!-0,116|0,623|0,205|0,746!&$1
«24_1.4772547_0.0421479_2016-08-04-16-51-57-685&0,487|1,002|0,623!-0,117|0,621|0,205|0,747!&$1
«25_1.5110622_0.0338075_2016-08-04-16-51-57-719&0,487|1,002|0,622!-0,116|0,623|0,205|0,746!&$1
«26_1.545091_0.0340288_2016-08-04-16-51-57-753&0,487|1,002|0,623!-0,117|0,622|0,205|0,747!&$1
«27_1.5818378_0.0367468_2016-08-04-16-51-57-790&0,487|1,002|0,623!-0,117|0,621|0,205|0,747!&$1
«28_1.628908_0.0470702_2016-08-04-16-51-57-837&0,487|1,002|0,622!-0,116|0,623|0,205|0,746!&$1
«29_1.6724637_0.0435557_2016-08-04-16-51-57-880&0,487|1,002|0,623!-0,117|0,621|0,204|0,747!&$1
«30_1.7060021_0.0335384_2016-08-04-16-51-57-914&0,487|1,002|0,622!-0,117|0,623|0,206|0,746!&$1
«31_1.7400698_0.0340677_2016-08-04-16-51-57-948&0,487|1,002|0,622!-0,117|0,623|0,205|0,746!&$1
«32_1.7734685_0.0333987_2016-08-04-16-51-57-981&0,487|1,002|0,622!-0,116|0,623|0,205|0,746!&$1
«33_1.8148047_0.0413362_2016-08-04-16-51-58-022&0,487|1,002|0,622!-0,117|0,622|0,205|0,746!&$1
«34_1.8487077_0.033903_2016-08-04-16-51-58-056&0,487|1,002|0,622!-0,117|0,623|0,205|0,746!&$1
«35_1.8831796_0.0344719_2016-08-04-16-51-58-091&0,487|1,002|0,622!-0,117|0,622|0,205|0,746!&$1
«36_1.9183539_0.0351743_2016-08-04-16-51-58-126&0,487|1,002|0,622!-0,116|0,623|0,205|0,746!&$1
«37_1.9632711_0.0449172_2016-08-04-16-51-58-171&0,487|1,002|0,622!-0,116|0,623|0,205|0,746!&$1
«38_1.9988063_0.0355352_2016-08-04-16-51-58-206&0,487|1,002|0,622!-0,116|0,623|0,205|0,746!&$1
«39_2.0339413_0.035135_2016-08-04-16-51-58-242&0,487|1,002|0,622!-0,117|0,622|0,205|0,746!&$1
«40_2.0674748_0.0335335_2016-08-04-16-51-58-275&0,487|1,002|0,622!-0,116|0,623|0,205|0,746!&$1
«41_2.1017272_0.0342524_2016-08-04-16-51-58-309&0,487|1,002|0,622!-0,117|0,623|0,206|0,746!&$1
«42_2.1372593_0.0355321_2016-08-04-16-51-58-345&0,487|1,002|0,622!-0,116|0,624|0,205|0,746!&$1
«43_2.1734715_0.0362122_2016-08-04-16-51-58-381&0,487|1,002|0,622!-0,116|0,623|0,205|0,746!&$1
«44_2.2090144_0.0355429_2016-08-04-16-51-58-417&0,487|1,002|0,622!-0,116|0,623|0,205|0,746!&$1
«45_2.2464564_0.037442_2016-08-04-16-51-58-454&0,487|1,002|0,622!-0,114|0,624|0,205|0,745!&$1
«46_2.2789426_0.0324862_2016-08-04-16-51-58-487&0,487|1,002|0,622!-0,117|0,622|0,205|0,746!&$1
«47_2.3139393_0.0349967_2016-08-04-16-51-58-522&0,487|1,002|0,622!-0,117|0,623|0,205|0,746!&$1
«48_2.3484678_0.0345285_2016-08-04-16-51-58-556&0,487|1,002|0,622!-0,116|0,623|0,205|0,746!&$1
«49_2.3815069_0.0330391_2016-08-04-16-51-58-589&0,487|1,002|0,622!-0,116|0,623|0,205|0,746!&$1
«50_2.421774_0.0402671_2016-08-04-16-51-58-629&0,487|1,002|0,623!-0,117|0,622|0,204|0,747!&$1
«51_2.4583128_0.0365388_2016-08-04-16-51-58-666&0,487|1,002|0,622!-0,116|0,624|0,205|0,745!&$1
«52_2.4923483_0.0340355_2016-08-04-16-51-58-700&0,487|1,002|0,623!-0,117|0,621|0,204|0,747!&$1
«53_2.5263825_0.0340342_2016-08-04-16-51-58-734&0,487|1,002|0,622!-0,117|0,622|0,205|0,746!&$1
«54_2.5599218_0.0335393_2016-08-04-16-51-58-768&0,487|1,002|0,622!-0,116|0,623|0,205|0,746!&$1
«55_2.6005918_0.04067_2016-08-04-16-51-58-808&0,487|1,002|0,622!-0,118|0,622|0,204|0,747!&$1
«56_2.6408642_0.0402724_2016-08-04-16-51-58-849&0,487|1,002|0,622!-0,117|0,623|0,205|0,746!&$1
«57_2.6829594_0.0420952_2016-08-04-16-51-58-891&0,487|1,002|0,622!-0,117|0,622|0,205|0,746!&$1
«58_2.7187339_0.0357745_2016-08-04-16-51-58-926&0,487|1,002|0,622!-0,116|0,623|0,205|0,746!&$1
«59_2.7577698_0.0390359_2016-08-04-16-51-58-965&0,487|1,002|0,622!-0,116|0,623|0,205|0,746!&$1
«60_2.7911194_0.0333496_2016-08-04-16-51-58-999&0,487|1,002|0,622!-0,117|0,622|0,204|0,747!&$1
«61_2.8251541_0.0340347_2016-08-04-16-51-59-033&0,487|1,002|0,622!-0,116|0,623|0,205|0,746!&$1
«62_2.8656978_0.0405437_2016-08-04-16-51-59-073&0,487|1,002|0,623!-0,117|0,621|0,204|0,747!&$1
«63_2.901972_0.0362742_2016-08-04-16-51-59-110&0,487|1,002|0,622!-0,117|0,622|0,204|0,747!&$1
«64_2.9365028_0.0345308_2016-08-04-16-51-59-144&0,487|1,002|0,622!-0,116|0,623|0,205|0,746!&$1
«65_2.9705405_0.0340377_2016-08-04-16-51-59-178&0,487|1,002|0,622!-0,115|0,624|0,205|0,745!&$1
«66_3.0075881_0.0370476_2016-08-04-16-51-59-215&0,487|1,002|0,622!-0,114|0,624|0,205|0,745!&$1
«67_3.0440551_0.036467_2016-08-04-16-51-59-252&0,487|1,002|0,622!-0,117|0,621|0,205|0,747!&$1
«68_3.0779719_0.0339168_2016-08-04-16-51-59-286&0,487|1,002|0,622!-0,116|0,623|0,205|0,746!&$1
«69_3.1143617_0.0363898_2016-08-04-16-51-59-322&0,487|1,002|0,622!-0,116|0,623|0,205|0,746!&$1
«70_3.1489286_0.0345669_2016-08-04-16-51-59-357&0,487|1,002|0,622!-0,117|0,623|0,205|0,746!&$1
«71_3.1829588_0.0340302_2016-08-04-16-51-59-391&0,487|1,002|0,622!-0,117|0,623|0,206|0,746!&$1
«72_3.2167796_0.0338208_2016-08-04-16-51-59-424&0,487|1,002|0,622!-0,117|0,622|0,205|0,747!&$1
«73_3.2520918_0.0353122_2016-08-04-16-51-59-460&0,487|1,002|0,622!-0,116|0,623|0,205|0,746!&$1
«74_3.3306219_0.0785301_2016-08-04-16-51-59-538&0,487|1,002|0,622!-0,116|0,623|0,205|0,746!&$1
«75_3.375083_0.0444611_2016-08-04-16-51-59-583&0,487|1,002|0,622!-0,116|0,624|0,205|0,746!&$1
«76_3.4079463_0.0328633_2016-08-04-16-51-59-616&0,487|1,002|0,622!-0,116|0,623|0,205|0,746!&$1
«77_3.4411558_0.0332095_2016-08-04-16-51-59-649&0,487|1,002|0,622!-0,116|0,623|0,205|0,746!&$1
«78_3.4751231_0.0339673_2016-08-04-16-51-59-683&0,487|1,002|0,622!-0,117|0,622|0,205|0,746!&$1
«79_3.5078899_0.0327668_2016-08-04-16-51-59-716&0,487|1,002|0,622!-0,117|0,623|0,206|0,745!&$1
«80_3.5428822_0.0349923_2016-08-04-16-51-59-751&0,487|1,002|0,622!-0,116|0,623|0,205|0,746!&$1
«81_3.5778471_0.0349649_2016-08-04-16-51-59-786&0,487|1,002|0,622!-0,117|0,622|0,205|0,746!&$1
«82_3.6123887_0.0345416_2016-08-04-16-51-59-820&0,487|1,002|0,622!-0,116|0,623|0,205|0,746!&$1
«83_3.6479217_0.035533_2016-08-04-16-51-59-856&0,487|1,002|0,622!-0,116|0,623|0,205|0,746!&$1
«84_3.8118596_0.1639379_2016-08-04-16-52-00-020&0,487|1,002|0,622!-0,116|0,623|0,205|0,746!&$1
«85_3.8634327_0.0515731_2016-08-04-16-52-00-071&0,487|1,002|0,622!-0,116|0,623|0,205|0,746!&$1
«86_3.8959662_0.0325335_2016-08-04-16-52-00-104&0,487|1,002|0,622!-0,116|0,623|0,205|0,746!&$1
«87_3.9373417_0.0413755_2016-08-04-16-52-00-145&0,487|1,002|0,622!-0,117|0,622|0,204|0,747!&$1
«88_3.9733799_0.0360382_2016-08-04-16-52-00-181&0,487|1,002|0,622!-0,117|0,623|0,205|0,746!&$1
«89_4.005921_0.0325411_2016-08-04-16-52-00-214&0,487|1,002|0,622!-0,117|0,622|0,205|0,746!&$1
«90_4.0424054_0.0364844_2016-08-04-16-52-00-250&0,487|1,002|0,622!-0,116|0,623|0,205|0,746!&$1
«91_4.0784426_0.0360372_2016-08-04-16-52-00-286&0,487|1,002|0,622!-0,117|0,623|0,205|0,746!&$1
«92_4.1104799_0.0320373_2016-08-04-16-52-00-318&0,487|1,002|0,622!-0,116|0,623|0,205|0,746!&$1
«93_4.148025_0.0375451_2016-08-04-16-52-00-356&0,487|1,002|0,623!-0,117|0,621|0,205|0,747!&$1
«94_4.181563_0.033538_2016-08-04-16-52-00-389&0,487|1,002|0,622!-0,116|0,623|0,205|0,746!&$1
«95_4.2130639_0.0315009_2016-08-04-16-52-00-421&0,487|1,002|0,622!-0,115|0,624|0,205|0,745!&$1
«96_4.2518763_0.0388124_2016-08-04-16-52-00-460&0,487|1,002|0,623!-0,117|0,621|0,205|0,747!&$1
«97_4.2874196_0.0355433_2016-08-04-16-52-00-495&0,487|1,002|0,622!-0,114|0,625|0,205|0,745!&$1
«98_4.319456_0.0320364_2016-08-04-16-52-00-527&0,487|1,002|0,622!-0,115|0,624|0,205|0,745!&$1
«99_4.3643633_0.0449073_2016-08-04-16-52-00-572&0,487|1,002|0,623!-0,117|0,621|0,204|0,747!&$1
«100_4.3989816_0.0346183_2016-08-04-16-52-00-607&0,487|1,002|0,622!-0,117|0,622|0,205|0,746!&$1
«101_4.4320104_0.0330288_2016-08-04-16-52-00-640&0,487|1,002|0,622!-0,116|0,623|0,205|0,746!&$1
«102_4.4715425_0.0395321_2016-08-04-16-52-00-679&0,487|1,002|0,623!-0,117|0,621|0,204|0,747!&$1
«103_4.5038337_0.0322912_2016-08-04-16-52-00-712&0,487|1,002|0,622!-0,116|0,624|0,205|0,746!&$1
«104_4.5378679_0.0340342_2016-08-04-16-52-00-746&0,487|1,002|0,622!-0,117|0,623|0,205|0,746!&$1
«105_4.5759052_0.0380373_2016-08-04-16-52-00-784&0,487|1,002|0,622!-0,116|0,623|0,205|0,746!&$1
«106_4.6134565_0.0375513_2016-08-04-16-52-00-821&0,487|1,002|0,622!-0,116|0,623|0,205|0,746!&$1
«107_4.646986_0.0335295_2016-08-04-16-52-00-855&0,487|1,002|0,622!-0,117|0,623|0,205|0,746!&$1
«108_4.6865337_0.0395477_2016-08-04-16-52-00-894&0,487|1,002|0,622!-0,114|0,624|0,205|0,745!&$1
«109_4.7190337_0.0325_2016-08-04-16-52-00-927&0,487|1,002|0,622!-0,117|0,621|0,205|0,747!&$1
«110_4.7520639_0.0330302_2016-08-04-16-52-00-960&0,487|1,002|0,622!-0,116|0,623|0,205|0,746!&$1
«111_4.7907098_0.0386459_2016-08-04-16-52-00-998&0,487|1,002|0,622!-0,116|0,623|0,205|0,746!&$1
«112_4.8262469_0.0355371_2016-08-04-16-52-01-034&0,487|1,002|0,622!-0,117|0,623|0,205|0,746!&$1
«113_4.8703345_0.0440876_2016-08-04-16-52-01-078&0,487|1,002|0,622!-0,116|0,623|0,205|0,746!&$1
«114_4.905258_0.0349235_2016-08-04-16-52-01-113&0,487|1,002|0,622!-0,117|0,622|0,205|0,746!&$1
«115_4.9377884_0.0325304_2016-08-04-16-52-01-145&0,487|1,002|0,623!-0,117|0,621|0,204|0,747!&$1
«116_4.9748257_0.0370373_2016-08-04-16-52-01-182&0,487|1,002|0,622!-0,116|0,624|0,205|0,745!&$1
«117_5.0083712_0.0335455_2016-08-04-16-52-01-216&0,487|1,002|0,622!-0,117|0,622|0,205|0,746!&$1
«118_5.0411613_0.0327901_2016-08-04-16-52-01-249&0,487|1,002|0,622!-0,116|0,624|0,205|0,746!&$1
«119_5.0787099_0.0375486_2016-08-04-16-52-01-286&0,487|1,002|0,622!-0,117|0,623|0,206|0,746!&$1
«120_5.1137186_0.0350087_2016-08-04-16-52-01-321&0,487|1,002|0,622!-0,116|0,623|0,205|0,746!&$1
«121_5.1452446_0.031526_2016-08-04-16-52-01-353&0,487|1,002|0,622!-0,116|0,623|0,205|0,746!&$1
«122_5.1815701_0.0363255_2016-08-04-16-52-01-389&0,487|1,002|0,622!-0,116|0,624|0,205|0,745!&$1
«123_5.2131072_0.0315371_2016-08-04-16-52-01-421&0,487|1,002|0,622!-0,116|0,623|0,205|0,746!&$1
«124_5.2452471_0.0321399_2016-08-04-16-52-01-453&0,487|1,002|0,622!-0,117|0,623|0,206|0,746!&$1
«125_5.2886993_0.0434522_2016-08-04-16-52-01-496&0,487|1,002|0,622!-0,117|0,623|0,206|0,746!&$1
«126_5.3274247_0.0387254_2016-08-04-16-52-01-535&0,487|1,002|0,622!-0,115|0,624|0,205|0,745!&$1
«127_5.3594499_0.0320252_2016-08-04-16-52-01-567&0,487|1,002|0,622!-0,116|0,623|0,205|0,746!&$1
«128_5.3963471_0.0368972_2016-08-04-16-52-01-604&0,487|1,002|0,622!-0,115|0,624|0,205|0,745!&$1
«129_5.4298792_0.0335321_2016-08-04-16-52-01-638&0,487|1,002|0,622!-0,117|0,623|0,205|0,746!&$1
«130_5.4610955_0.0312163_2016-08-04-16-52-01-669&0,487|1,002|0,622!-0,117|0,623|0,205|0,746!&$1
«131_5.5017084_0.0406129_2016-08-04-16-52-01-709&0,487|1,002|0,622!-0,116|0,624|0,204|0,746!&$1
«132_5.5360286_0.0343202_2016-08-04-16-52-01-744&0,487|1,002|0,622!-0,117|0,622|0,205|0,747!&$1
«133_5.5695607_0.0335321_2016-08-04-16-52-01-777&0,487|1,002|0,622!-0,117|0,623|0,205|0,746!&$1
«134_5.6071067_0.037546_2016-08-04-16-52-01-815&0,487|1,002|0,622!-0,116|0,623|0,205|0,746!&$1
«135_5.6398356_0.0327289_2016-08-04-16-52-01-848&0,487|1,002|0,622!-0,117|0,623|0,205|0,746!&$1
«136_5.6721603_0.0323247_2016-08-04-16-52-01-880&0,487|1,002|0,622!-0,116|0,624|0,204|0,746!&$1
«137_5.7093314_0.0371711_2016-08-04-16-52-01-917&0,487|1,002|0,622!-0,117|0,622|0,205|0,746!&$1
«138_5.7453629_0.0360315_2016-08-04-16-52-01-953&0,487|1,002|0,622!-0,117|0,623|0,206|0,746!&$1
«139_5.7893212_0.0439583_2016-08-04-16-52-01-997&0,487|1,002|0,622!-0,117|0,623|0,205|0,746!&$1
«140_5.8236208_0.0342996_2016-08-04-16-52-02-031&0,487|1,002|0,622!-0,117|0,622|0,204|0,747!&$1
«141_5.8581882_0.0345674_2016-08-04-16-52-02-066&0,487|1,002|0,623!-0,117|0,621|0,205|0,747!&$1
«142_5.896234_0.0380458_2016-08-04-16-52-02-104&0,487|1,002|0,623!-0,117|0,621|0,204|0,747!&$1
«143_5.9297768_0.0335428_2016-08-04-16-52-02-137&0,487|1,002|0,622!-0,116|0,623|0,205|0,746!&$1
«144_5.9668154_0.0370386_2016-08-04-16-52-02-174&0,487|1,002|0,622!-0,116|0,623|0,205|0,746!&$1
«145_6.0047237_0.0379083_2016-08-04-16-52-02-212&0,487|1,002|0,622!-0,116|0,623|0,205|0,746!&$1
«146_6.0370895_0.0323658_2016-08-04-16-52-02-245&0,487|1,002|0,622!-0,116|0,623|0,205|0,746!&$1
«147_6.0696172_0.0325277_2016-08-04-16-52-02-277&0,487|1,002|0,622!-0,117|0,622|0,204|0,747!&$1
«148_6.1340911_0.0644739_2016-08-04-16-52-02-342&0,487|1,002|0,622!-0,116|0,623|0,205|0,746!&$1
«149_6.1666184_0.0325273_2016-08-04-16-52-02-374&0,487|1,002|0,622!-0,114|0,625|0,205|0,745!&$1
«150_6.2061572_0.0395388_2016-08-04-16-52-02-414&0,487|1,002|0,622!-0,116|0,623|0,205|0,746!&$1
«151_6.2449075_0.0387503_2016-08-04-16-52-02-453&0,487|1,002|0,622!-0,116|0,623|0,205|0,746!&$1
«152_6.2784442_0.0335367_2016-08-04-16-52-02-486&0,487|1,002|0,622!-0,116|0,624|0,205|0,745!&$1
«153_6.3155939_0.0371497_2016-08-04-16-52-02-523&0,487|1,002|0,622!-0,117|0,622|0,205|0,746!&$1
«154_6.3480627_0.0324688_2016-08-04-16-52-02-556&0,487|1,002|0,622!-0,117|0,623|0,206|0,746!&$1
«155_6.380598_0.0325353_2016-08-04-16-52-02-588&0,487|1,002|0,622!-0,117|0,623|0,206|0,746!&$1
«156_6.4191461_0.0385481_2016-08-04-16-52-02-627&0,487|1,002|0,622!-0,116|0,623|0,205|0,746!&$1
«157_6.4516792_0.0325331_2016-08-04-16-52-02-659&0,487|1,002|0,622!-0,113|0,625|0,205|0,745!&$1
«158_6.4844099_0.0327307_2016-08-04-16-52-02-692&0,487|1,002|0,622!-0,114|0,625|0,205|0,745!&$1
«159_6.5262736_0.0418637_2016-08-04-16-52-02-734&0,487|1,002|0,622!-0,117|0,623|0,205|0,745!&$1
«160_6.5613082_0.0350346_2016-08-04-16-52-02-769&0,487|1,002|0,622!-0,117|0,622|0,204|0,747!&$1
«161_6.6028416_0.0415334_2016-08-04-16-52-02-811&0,487|1,002|0,623!-0,117|0,621|0,204|0,747!&$1
«162_6.6453778_0.0425362_2016-08-04-16-52-02-853&0,487|1,002|0,622!-0,117|0,622|0,205|0,746!&$1
«163_6.696937_0.0515592_2016-08-04-16-52-02-905&0,487|1,002|0,622!-0,117|0,623|0,205|0,746!&$1
«164_6.7333005_0.0363635_2016-08-04-16-52-02-941&0,487|1,002|0,622!-0,117|0,622|0,205|0,746!&$1
«165_6.7646792_0.0313787_2016-08-04-16-52-02-972&0,487|1,002|0,623!-0,117|0,622|0,204|0,747!&$1
«166_6.7976089_0.0329297_2016-08-04-16-52-03-005&0,487|1,002|0,622!-0,116|0,623|0,205|0,746!&$1
«167_6.8379407_0.0403318_2016-08-04-16-52-03-046&0,487|1,002|0,622!-0,117|0,623|0,205|0,746!&$1
«168_6.8734746_0.0355339_2016-08-04-16-52-03-081&0,487|1,002|0,622!-0,116|0,623|0,205|0,746!&$1
«169_6.910967_0.0374924_2016-08-04-16-52-03-119&0,487|1,002|0,622!-0,116|0,623|0,205|0,746!&$1
«170_6.9450922_0.0341252_2016-08-04-16-52-03-153&0,487|1,002|0,622!-0,114|0,625|0,205|0,745!&$1
«171_6.976308_0.0312158_2016-08-04-16-52-03-184&0,487|1,002|0,622!-0,117|0,622|0,205|0,746!&$1
«172_7.0138504_0.0375424_2016-08-04-16-52-03-222&0,487|1,002|0,623!-0,117|0,621|0,205|0,747!&$1
«173_7.0518841_0.0380337_2016-08-04-16-52-03-260&0,487|1,002|0,622!-0,117|0,622|0,205|0,746!&$1
«174_7.0859169_0.0340328_2016-08-04-16-52-03-294&0,487|1,002|0,622!-0,117|0,623|0,206|0,746!&$1
«175_7.1299631_0.0440462_2016-08-04-16-52-03-338&0,487|1,002|0,623!-0,117|0,622|0,204|0,747!&$1
«176_7.1634899_0.0335268_2016-08-04-16-52-03-371&0,487|1,002|0,622!-0,116|0,623|0,205|0,746!&$1
«177_7.1980345_0.0345446_2016-08-04-16-52-03-406&0,487|1,002|0,622!-0,117|0,622|0,204|0,746!&$1
«178_7.2375814_0.0395469_2016-08-04-16-52-03-445&0,487|1,002|0,622!-0,117|0,623|0,206|0,746!&$1
«179_7.272682_0.0351006_2016-08-04-16-52-03-480&0,487|1,002|0,622!-0,116|0,623|0,205|0,746!&$1
«180_7.3057126_0.0330306_2016-08-04-16-52-03-513&0,487|1,002|0,622!-0,117|0,622|0,205|0,746!&$1
«181_7.3423889_0.0366763_2016-08-04-16-52-03-550&0,487|1,002|0,622!-0,117|0,623|0,206|0,746!&$1
«182_7.3776935_0.0353046_2016-08-04-16-52-03-585&0,487|1,002|0,622!-0,117|0,623|0,206|0,746!&$1
«183_7.4097343_0.0320408_2016-08-04-16-52-03-617&0,487|1,002|0,622!-0,116|0,623|0,205|0,746!&$1
«184_7.4472749_0.0375406_2016-08-04-16-52-03-655&0,487|1,002|0,623!-0,117|0,621|0,205|0,747!&$1
«185_7.4808125_0.0335376_2016-08-04-16-52-03-688&0,487|1,002|0,622!-0,116|0,623|0,205|0,746!&$1
«186_7.5132072_0.0323947_2016-08-04-16-52-03-721&0,487|1,002|0,622!-0,114|0,625|0,205|0,745!&$1
«187_7.5492458_0.0360386_2016-08-04-16-52-03-757&0,487|1,002|0,622!-0,115|0,624|0,205|0,745!&$1
«188_7.5897864_0.0405406_2016-08-04-16-52-03-797&0,487|1,002|0,622!-0,116|0,623|0,205|0,746!&$1
«189_7.636136_0.0463496_2016-08-04-16-52-03-844&0,487|1,002|0,622!-0,117|0,623|0,205|0,746!&$1
«190_7.6671469_0.0310109_2016-08-04-16-52-03-875&0,487|1,002|0,622!-0,117|0,622|0,204|0,747!&$1
«191_7.7019955_0.0348486_2016-08-04-16-52-03-910&0,487|1,002|0,622!-0,116|0,624|0,204|0,746!&$1
«192_7.7400408_0.0380453_2016-08-04-16-52-03-948&0,487|1,002|0,622!-0,116|0,623|0,205|0,746!&$1
«193_7.7725747_0.0325339_2016-08-04-16-52-03-980&0,487|1,002|0,622!-0,114|0,625|0,205|0,745!&$1
«194_7.8055402_0.0329655_2016-08-04-16-52-04-013&0,487|1,002|0,622!-0,116|0,623|0,205|0,746!&$1
«195_7.8470839_0.0415437_2016-08-04-16-52-04-055&0,487|1,002|0,622!-0,116|0,623|0,205|0,746!&$1
«196_7.8786071_0.0315232_2016-08-04-16-52-04-086&0,487|1,002|0,622!-0,116|0,623|0,205|0,746!&$1
«197_7.9551868_0.0765797_2016-08-04-16-52-04-163&0,487|1,002|0,622!-0,117|0,622|0,205|0,747!&$1
«198_8.1822725_0.2270857_2016-08-04-16-52-04-390&0,487|1,002|0,622!-0,117|0,623|0,204|0,746!&$1
«199_8.2359344_0.0536619_2016-08-04-16-52-04-444&0,487|1,002|0,623!-0,117|0,621|0,204|0,747!&$1
«200_8.2736021_0.0376677_2016-08-04-16-52-04-481&0,487|1,002|0,622!-0,117|0,622|0,205|0,746!&$1
«201_8.3065573_0.0329552_2016-08-04-16-52-04-514&0,487|1,002|0,622!-0,117|0,623|0,206|0,746!&$1
«202_8.3417432_0.0351859_2016-08-04-16-52-04-549&0,487|1,002|0,623!-0,117|0,622|0,205|0,747!&$1
«203_8.3767243_0.0349811_2016-08-04-16-52-04-584&0,487|1,002|0,622!-0,116|0,623|0,205|0,746!&$1
«204_8.410517_0.0337927_2016-08-04-16-52-04-618&0,487|1,002|0,622!-0,117|0,622|0,205|0,746!&$1
«205_8.4453727_0.0348557_2016-08-04-16-52-04-653&0,487|1,002|0,622!-0,116|0,623|0,205|0,746!&$1
«206_8.4804024_0.0350297_2016-08-04-16-52-04-688&0,487|1,002|0,622!-0,116|0,623|0,205|0,746!&$1
«207_8.5124441_0.0320417_2016-08-04-16-52-04-720&0,487|1,002|0,622!-0,116|0,623|0,205|0,746!&$1
«208_8.5475738_0.0351297_2016-08-04-16-52-04-755&0,487|1,002|0,622!-0,116|0,623|0,205|0,746!&$1
«209_8.5911117_0.0435379_2016-08-04-16-52-04-799&0,487|1,002|0,623!-0,117|0,622|0,205|0,747!&$1
«210_8.6299057_0.038794_2016-08-04-16-52-04-838&0,487|1,002|0,622!-0,116|0,623|0,205|0,746!&$1
«211_8.6679506_0.0380449_2016-08-04-16-52-04-876&0,487|1,002|0,622!-0,116|0,623|0,205|0,746!&$1
«212_8.7029888_0.0350382_2016-08-04-16-52-04-911&0,487|1,002|0,622!-0,116|0,624|0,204|0,746!&$1
«213_8.7786064_0.0756176_2016-08-04-16-52-04-986&0,487|1,002|0,622!-0,117|0,623|0,205|0,746!&$1
«214_8.8158547_0.0372483_2016-08-04-16-52-05-024&0,487|1,002|0,622!-0,116|0,623|0,205|0,746!&$1
«215_8.8508911_0.0350364_2016-08-04-16-52-05-059&0,487|1,002|0,622!-0,117|0,622|0,205|0,746!&$1
«216_8.8892804_0.0383893_2016-08-04-16-52-05-097&0,487|1,002|0,622!-0,115|0,624|0,205|0,745!&$1
«217_8.9220589_0.0327785_2016-08-04-16-52-05-130&0,487|1,002|0,622!-0,117|0,622|0,205|0,747!&$1
«218_8.9573028_0.0352439_2016-08-04-16-52-05-165&0,487|1,002|0,622!-0,114|0,625|0,205|0,745!&$1
«219_8.9928385_0.0355357_2016-08-04-16-52-05-201&0,487|1,002|0,623!-0,117|0,621|0,204|0,747!&$1
«220_9.0248736_0.0320351_2016-08-04-16-52-05-233&0,487|1,002|0,622!-0,116|0,623|0,205|0,746!&$1
«221_9.0704739_0.0456003_2016-08-04-16-52-05-278&0,487|1,002|0,622!-0,116|0,623|0,205|0,746!&$1
«222_9.1074014_0.0369275_2016-08-04-16-52-05-315&0,487|1,002|0,622!-0,116|0,624|0,205|0,745!&$1
«223_9.1414391_0.0340377_2016-08-04-16-52-05-349&0,487|1,002|0,622!-0,116|0,623|0,205|0,746!&$1
«224_9.1807834_0.0393443_2016-08-04-16-52-05-388&0,487|1,002|0,622!-0,114|0,625|0,205|0,745!&$1
«225_9.2133258_0.0325424_2016-08-04-16-52-05-421&0,487|1,002|0,622!-0,116|0,623|0,205|0,746!&$1
«226_9.2457415_0.0324157_2016-08-04-16-52-05-453&0,487|1,002|0,622!-0,117|0,622|0,205|0,746!&$1
«227_9.2851085_0.039367_2016-08-04-16-52-05-493&0,487|1,002|0,622!-0,116|0,623|0,205|0,746!&$1
«228_9.3173667_0.0322582_2016-08-04-16-52-05-525&0,487|1,002|0,622!-0,116|0,624|0,205|0,746!&$1
«229_9.3509203_0.0335536_2016-08-04-16-52-05-559&0,487|1,002|0,622!-0,116|0,623|0,205|0,746!&$1
«230_9.388547_0.0376267_2016-08-04-16-52-05-596&0,487|1,002|0,622!-0,117|0,622|0,205|0,746!&$1
«231_9.4209409_0.0323939_2016-08-04-16-52-05-629&0,487|1,002|0,623!-0,117|0,622|0,204|0,747!&$1
«232_9.4538434_0.0329025_2016-08-04-16-52-05-662&0,487|1,002|0,622!-0,116|0,623|0,205|0,746!&$1
«233_9.4953599_0.0415165_2016-08-04-16-52-05-703&0,487|1,002|0,622!-0,116|0,623|0,205|0,746!&$1
«234_9.5354021_0.0400422_2016-08-04-16-52-05-743&0,487|1,002|0,622!-0,114|0,625|0,204|0,745!&$1
«235_9.5739413_0.0385392_2016-08-04-16-52-05-782&0,487|1,002|0,622!-0,116|0,623|0,204|0,746!&$1
«236_9.6107001_0.0367588_2016-08-04-16-52-05-818&0,487|1,002|0,622!-0,116|0,623|0,205|0,746!&$1
«237_9.643131_0.0324309_2016-08-04-16-52-05-851&0,487|1,002|0,622!-0,117|0,623|0,206|0,746!&$1
«238_9.6806957_0.0375647_2016-08-04-16-52-05-888&0,487|1,002|0,622!-0,116|0,623|0,205|0,746!&$1
«239_9.7177325_0.0370368_2016-08-04-16-52-05-925&0,487|1,002|0,622!-0,116|0,623|0,205|0,746!&$1
«240_9.7496574_0.0319249_2016-08-04-16-52-05-957&0,487|1,002|0,622!-0,117|0,622|0,205|0,746!&$1
«241_9.7922007_0.0425433_2016-08-04-16-52-06-000&0,487|1,002|0,622!-0,117|0,623|0,205|0,746!&$1
«242_9.8262732_0.0340725_2016-08-04-16-52-06-034&0,487|1,002|0,622!-0,115|0,624|0,205|0,745!&$1
«243_9.8583029_0.0320297_2016-08-04-16-52-06-066&0,487|1,002|0,622!-0,117|0,623|0,205|0,746!&$1
«244_9.8953442_0.0370413_2016-08-04-16-52-06-103&0,487|1,002|0,622!-0,115|0,624|0,205|0,745!&$1
«245_9.9337857_0.0384415_2016-08-04-16-52-06-141&0,487|1,002|0,622!-0,116|0,623|0,205|0,746!&$1
«246_9.9668163_0.0330306_2016-08-04-16-52-06-174&0,487|1,002|0,622!-0,117|0,623|0,204|0,746!&$1
«247_10.0099633_0.043147_2016-08-04-16-52-06-218&0,487|1,002|0,622!-0,116|0,623|0,205|0,746!&$1
«248_10.0428735_0.0329102_2016-08-04-16-52-06-251&0,487|1,002|0,622!-0,114|0,625|0,205|0,745!&$1
«249_10.0739036_0.0310301_2016-08-04-16-52-06-282&0,487|1,002|0,622!-0,114|0,625|0,205|0,745!&$1
«250_10.1480344_0.0741308_2016-08-04-16-52-06-356&0,487|1,002|0,622!-0,116|0,623|0,205|0,746!&$1
«251_10.1840694_0.036035_2016-08-04-16-52-06-392&0,487|1,002|0,622!-0,116|0,622|0,205|0,746!&$1
«252_10.2226172_0.0385478_2016-08-04-16-52-06-430&0,487|1,002|0,622!-0,116|0,623|0,205|0,746!&$1
«253_10.2592305_0.0366133_2016-08-04-16-52-06-467&0,487|1,002|0,623!-0,117|0,621|0,204|0,747!&$1
«254_10.334276_0.0750455_2016-08-04-16-52-06-542&0,487|1,002|0,623!-0,117|0,621|0,204|0,747!&$1
«255_10.3866216_0.0523456_2016-08-04-16-52-06-594&0,487|1,002|0,622!-0,117|0,623|0,205|0,746!&$1
«256_10.4244094_0.0377878_2016-08-04-16-52-06-632&0,487|1,002|0,622!-0,116|0,623|0,205|0,746!&$1
«257_10.4654466_0.0410372_2016-08-04-16-52-06-673&0,487|1,002|0,623!-0,117|0,621|0,204|0,747!&$1
«258_10.504305_0.0388584_2016-08-04-16-52-06-712&0,487|1,002|0,622!-0,116|0,623|0,205|0,746!&$1
«259_10.5361312_0.0318262_2016-08-04-16-52-06-744&0,487|1,002|0,622!-0,117|0,623|0,205|0,746!&$1
«260_10.5721671_0.0360359_2016-08-04-16-52-06-780&0,487|1,002|0,622!-0,115|0,624|0,204|0,745!&$1
«261_10.6106301_0.038463_2016-08-04-16-52-06-818&0,487|1,002|0,622!-0,114|0,624|0,205|0,745!&$1
«262_10.6504442_0.0398141_2016-08-04-16-52-06-858&0,487|1,002|0,622!-0,117|0,623|0,205|0,746!&$1
«263_10.683473_0.0330288_2016-08-04-16-52-06-891&0,487|1,002|0,622!-0,116|0,623|0,205|0,746!&$1
«264_10.7208151_0.0373421_2016-08-04-16-52-06-928&0,487|1,002|0,623!-0,117|0,622|0,205|0,747!&$1
«265_10.7540144_0.0331993_2016-08-04-16-52-06-962&0,487|1,002|0,622!-0,117|0,623|0,205|0,746!&$1
«266_10.7880494_0.034035_2016-08-04-16-52-06-996&0,487|1,002|0,622!-0,116|0,623|0,205|0,746!&$1
«267_10.84134_0.0532906_2016-08-04-16-52-07-049&0,487|1,002|0,623!-0,117|0,621|0,204|0,747!&$1
«268_10.8974459_0.0561059_2016-08-04-16-52-07-105&0,487|1,002|0,622!-0,117|0,623|0,205|0,746!&$1
«269_10.9710234_0.0735775_2016-08-04-16-52-07-179&0,487|1,002|0,623!-0,117|0,621|0,205|0,747!&$1
«270_11.0294197_0.0583963_2016-08-04-16-52-07-237&0,487|1,002|0,622!-0,116|0,623|0,205|0,746!&$1
«271_11.0642995_0.0348798_2016-08-04-16-52-07-272&0,487|1,002|0,622!-0,117|0,623|0,204|0,746!&$1
«272_11.0988334_0.0345339_2016-08-04-16-52-07-307&0,487|1,002|0,622!-0,117|0,623|0,205|0,746!&$1
«273_11.1417417_0.0429083_2016-08-04-16-52-07-349&0,487|1,002|0,623!-0,117|0,621|0,205|0,747!&$1
«274_11.1737705_0.0320288_2016-08-04-16-52-07-381&0,487|1,002|0,622!-0,117|0,623|0,205|0,746!&$1
«275_11.2116253_0.0378548_2016-08-04-16-52-07-419&0,487|1,002|0,622!-0,117|0,622|0,204|0,747!&$1
«276_11.2519869_0.0403616_2016-08-04-16-52-07-460&0,487|1,002|0,622!-0,117|0,623|0,205|0,746!&$1
«277_11.2859051_0.0339182_2016-08-04-16-52-07-494&0,487|1,002|0,622!-0,115|0,624|0,205|0,745!&$1
«278_11.3234452_0.0375401_2016-08-04-16-52-07-531&0,487|1,002|0,622!-0,117|0,623|0,205|0,746!&$1
«279_11.357051_0.0336058_2016-08-04-16-52-07-565&0,487|1,002|0,623!-0,117|0,621|0,204|0,747!&$1
«280_11.3955894_0.0385384_2016-08-04-16-52-07-603&0,487|1,002|0,622!-0,116|0,623|0,205|0,746!&$1
«281_11.442395_0.0468056_2016-08-04-16-52-07-650&0,487|1,002|0,622!-0,116|0,623|0,205|0,746!&$1
«282_11.5266752_0.0842802_2016-08-04-16-52-07-734&0,487|1,002|0,622!-0,117|0,623|0,205|0,746!&$1
«283_11.5768199_0.0501447_2016-08-04-16-52-07-784&0,487|1,002|0,622!-0,117|0,622|0,204|0,747!&$1
«284_11.6340119_0.057192_2016-08-04-16-52-07-842&0,487|1,002|0,622!-0,116|0,624|0,205|0,746!&$1
«285_11.6995725_0.0655606_2016-08-04-16-52-07-907&0,487|1,002|0,622!-0,114|0,625|0,205|0,745!&$1
«286_11.7590688_0.0594963_2016-08-04-16-52-07-967&0,487|1,002|0,622!-0,117|0,623|0,205|0,746!&$1
«287_11.7915956_0.0325268_2016-08-04-16-52-07-999&0,487|1,002|0,622!-0,116|0,623|0,205|0,746!&$1
«288_11.8344994_0.0429038_2016-08-04-16-52-08-042&0,487|1,002|0,622!-0,116|0,624|0,205|0,746!&$1
«289_11.8680289_0.0335295_2016-08-04-16-52-08-076&0,487|1,002|0,623!-0,117|0,621|0,204|0,747!&$1
«290_11.9178577_0.0498288_2016-08-04-16-52-08-126&0,487|1,002|0,622!-0,115|0,624|0,205|0,745!&$1
«291_11.9556125_0.0377548_2016-08-04-16-52-08-163&0,487|1,002|0,622!-0,117|0,623|0,204|0,746!&$1
«292_11.9895012_0.0338887_2016-08-04-16-52-08-197&0,487|1,002|0,622!-0,117|0,623|0,205|0,746!&$1
«293_12.0262743_0.0367731_2016-08-04-16-52-08-234&0,487|1,002|0,622!-0,114|0,625|0,205|0,745!&$1
«294_12.0621848_0.0359105_2016-08-04-16-52-08-270&0,487|1,002|0,622!-0,117|0,623|0,205|0,746!&$1
«295_12.0947103_0.0325255_2016-08-04-16-52-08-302&0,487|1,002|0,622!-0,114|0,624|0,204|0,745!&$1
«296_12.1324972_0.0377869_2016-08-04-16-52-08-340&0,487|1,002|0,622!-0,116|0,623|0,205|0,746!&$1
«297_12.1682703_0.0357731_2016-08-04-16-52-08-376&0,487|1,002|0,622!-0,116|0,624|0,205|0,746!&$1
«298_12.2005164_0.0322461_2016-08-04-16-52-08-408&0,487|1,002|0,622!-0,117|0,622|0,204|0,747!&$1
«299_12.2399749_0.0394585_2016-08-04-16-52-08-448&0,487|1,002|0,622!-0,116|0,624|0,205|0,746!&$1
«300_12.2740091_0.0340342_2016-08-04-16-52-08-482&0,487|1,002|0,622!-0,117|0,622|0,205|0,746!&$1
«301_12.3067452_0.0327361_2016-08-04-16-52-08-514&0,487|1,002|0,622!-0,117|0,623|0,205|0,746!&$1
«302_12.3520671_0.0453219_2016-08-04-16-52-08-560&0,487|1,002|0,622!-0,114|0,625|0,205|0,745!&$1
«303_12.3855154_0.0334483_2016-08-04-16-52-08-593&0,487|1,002|0,622!-0,116|0,623|0,205|0,746!&$1
«304_12.4182372_0.0327218_2016-08-04-16-52-08-626&0,487|1,002|0,623!-0,117|0,621|0,205|0,747!&$1
«305_12.4555413_0.0373041_2016-08-04-16-52-08-663&0,487|1,002|0,623!-0,117|0,622|0,204|0,747!&$1
«306_12.4875723_0.032031_2016-08-04-16-52-08-695&0,487|1,002|0,622!-0,116|0,623|0,205|0,746!&$1
«307_12.5304074_0.0428351_2016-08-04-16-52-08-738&0,487|1,002|0,622!-0,116|0,623|0,205|0,746!&$1
«308_12.5934624_0.063055_2016-08-04-16-52-08-801&0,487|1,002|0,623!-0,117|0,622|0,204|0,747!&$1
«309_12.625501_0.0320386_2016-08-04-16-52-08-833&0,487|1,002|0,623!-0,117|0,621|0,204|0,747!&$1
«310_12.6730438_0.0475428_2016-08-04-16-52-08-881&0,487|1,002|0,622!-0,117|0,623|0,204|0,746!&$1
«311_12.7525043_0.0794605_2016-08-04-16-52-08-960&0,487|1,002|0,623!-0,117|0,622|0,205|0,747!&$1
«312_12.8186097_0.0661054_2016-08-04-16-52-09-026&0,487|1,002|0,622!-0,116|0,624|0,205|0,745!&$1
«313_12.8546514_0.0360417_2016-08-04-16-52-09-062&0,487|1,002|0,622!-0,116|0,623|0,205|0,746!&$1
«314_12.9054463_0.0507949_2016-08-04-16-52-09-113&0,487|1,002|0,622!-0,117|0,622|0,205|0,747!&$1
«315_12.9449905_0.0395442_2016-08-04-16-52-09-153&0,487|1,002|0,622!-0,116|0,624|0,205|0,746!&$1
«316_12.9790193_0.0340288_2016-08-04-16-52-09-187&0,487|1,002|0,622!-0,116|0,623|0,205|0,746!&$1
«317_13.0152154_0.0361961_2016-08-04-16-52-09-223&0,487|1,002|0,622!-0,115|0,624|0,205|0,745!&$1
«318_13.0501666_0.0349512_2016-08-04-16-52-09-258&0,487|1,002|0,622!-0,117|0,623|0,206|0,746!&$1
«319_13.0865037_0.0363371_2016-08-04-16-52-09-294&0,487|1,002|0,623!-0,117|0,622|0,205|0,747!&$1
«320_13.1218395_0.0353358_2016-08-04-16-52-09-330&0,487|1,002|0,622!-0,116|0,623|0,205|0,746!&$1
«321_13.1576131_0.0357736_2016-08-04-16-52-09-365&0,487|1,002|0,622!-0,117|0,623|0,204|0,746!&$1
«322_13.1931475_0.0355344_2016-08-04-16-52-09-401&0,487|1,002|0,622!-0,116|0,623|0,205|0,746!&$1
«323_13.2323761_0.0392286_2016-08-04-16-52-09-440&0,487|1,002|0,622!-0,115|0,624|0,205|0,745!&$1
«324_13.268417_0.0360409_2016-08-04-16-52-09-476&0,487|1,002|0,623!-0,117|0,621|0,205|0,747!&$1
«325_13.3047162_0.0362992_2016-08-04-16-52-09-512&0,487|1,002|0,622!-0,116|0,623|0,205|0,746!&$1
«326_13.3484861_0.0437699_2016-08-04-16-52-09-556&0,487|1,002|0,622!-0,117|0,623|0,206|0,746!&$1
«327_13.386016_0.0375299_2016-08-04-16-52-09-594&0,487|1,002|0,622!-0,116|0,623|0,205|0,746!&$1
«328_13.4215491_0.0355331_2016-08-04-16-52-09-629&0,487|1,002|0,622!-0,116|0,623|0,205|0,746!&$1
«329_13.4585828_0.0370337_2016-08-04-16-52-09-666&0,487|1,002|0,622!-0,116|0,624|0,205|0,745!&$1
«330_13.4950417_0.0364589_2016-08-04-16-52-09-703&0,487|1,002|0,622!-0,115|0,624|0,205|0,745!&$1
«331_13.5301504_0.0351087_2016-08-04-16-52-09-738&0,487|1,002|0,622!-0,116|0,623|0,205|0,746!&$1
«332_13.5681828_0.0380324_2016-08-04-16-52-09-776&0,487|1,002|0,622!-0,116|0,623|0,205|0,746!&$1
«333_13.603847_0.0356642_2016-08-04-16-52-09-812&0,487|1,002|0,622!-0,114|0,625|0,205|0,745!&$1
«334_13.6387558_0.0349088_2016-08-04-16-52-09-846&0,487|1,002|0,622!-0,117|0,623|0,205|0,745!&$1
«335_13.6776636_0.0389078_2016-08-04-16-52-09-885&0,487|1,002|0,622!-0,117|0,623|0,205|0,746!&$1
«336_13.7145005_0.0368369_2016-08-04-16-52-09-922&0,487|1,002|0,622!-0,116|0,623|0,205|0,746!&$1
«337_13.749536_0.0350355_2016-08-04-16-52-09-957&0,487|1,002|0,622!-0,117|0,623|0,205|0,746!&$1
«338_13.786057_0.036521_2016-08-04-16-52-09-994&0,487|1,002|0,622!-0,116|0,623|0,205|0,746!&$1
«339_13.8314003_0.0453433_2016-08-04-16-52-10-039&0,487|1,002|0,622!-0,116|0,623|0,205|0,746!&$1
«340_13.8679432_0.0365429_2016-08-04-16-52-10-076&0,487|1,002|0,622!-0,117|0,623|0,205|0,746!&$1
«341_13.9082589_0.0403157_2016-08-04-16-52-10-116&0,487|1,002|0,622!-0,116|0,623|0,205|0,746!&$1
«342_13.9450744_0.0368155_2016-08-04-16-52-10-153&0,487|1,002|0,622!-0,116|0,623|0,205|0,746!&$1
«343_13.9829019_0.0378275_2016-08-04-16-52-10-191&0,487|1,002|0,622!-0,117|0,623|0,205|0,746!&$1
«344_14.0194488_0.0365469_2016-08-04-16-52-10-227&0,487|1,002|0,622!-0,116|0,623|0,205|0,746!&$1
«345_14.0563874_0.0369386_2016-08-04-16-52-10-264&0,487|1,002|0,623!-0,117|0,622|0,204|0,747!&$1
«346_14.0993693_0.0429819_2016-08-04-16-52-10-307&0,487|1,002|0,622!-0,116|0,623|0,205|0,746!&$1
«347_14.1411549_0.0417856_2016-08-04-16-52-10-349&0,487|1,002|0,622!-0,116|0,623|0,205|0,746!&$1
«348_14.2028917_0.0617368_2016-08-04-16-52-10-411&0,487|1,002|0,622!-0,117|0,623|0,206|0,746!&$1
«349_14.2389321_0.0360404_2016-08-04-16-52-10-447&0,487|1,002|0,623!-0,117|0,622|0,205|0,747!&$1
«350_14.2754045_0.0364724_2016-08-04-16-52-10-483&0,487|1,002|0,622!-0,116|0,623|0,205|0,746!&$1
«351_14.3200142_0.0446097_2016-08-04-16-52-10-528&0,487|1,002|0,622!-0,117|0,623|0,205|0,746!&$1
«352_14.3598413_0.0398271_2016-08-04-16-52-10-568&0,487|1,002|0,622!-0,116|0,624|0,204|0,746!&$1
«353_14.3953756_0.0355343_2016-08-04-16-52-10-603&0,487|1,002|0,623!-0,117|0,621|0,204|0,747!&$1
«354_14.4309096_0.035534_2016-08-04-16-52-10-639&0,487|1,002|0,622!-0,116|0,623|0,205|0,746!&$1
«355_14.4694533_0.0385437_2016-08-04-16-52-10-677&0,487|1,002|0,623!-0,117|0,621|0,205|0,747!&$1
«356_14.5052541_0.0358008_2016-08-04-16-52-10-713&0,487|1,002|0,622!-0,117|0,622|0,205|0,746!&$1
«357_14.541294_0.0360399_2016-08-04-16-52-10-749&0,487|1,002|0,622!-0,116|0,623|0,205|0,746!&$1
«358_14.5854669_0.0441729_2016-08-04-16-52-10-793&0,487|1,002|0,622!-0,116|0,623|0,205|0,746!&$1
«359_14.6277902_0.0423233_2016-08-04-16-52-10-835&0,487|1,002|0,622!-0,117|0,623|0,206|0,746!&$1
«360_14.6643237_0.0365335_2016-08-04-16-52-10-872&0,487|1,002|0,622!-0,116|0,623|0,205|0,746!&$1
«361_14.7003716_0.0360479_2016-08-04-16-52-10-908&0,487|1,002|0,622!-0,116|0,623|0,205|0,746!&$1
«362_14.7379132_0.0375416_2016-08-04-16-52-10-946&0,487|1,002|0,622!-0,117|0,622|0,205|0,746!&$1
«363_14.7969824_0.0590692_2016-08-04-16-52-11-005&0,487|1,002|0,622!-0,117|0,623|0,205|0,746!&$1
«364_14.8384405_0.0414581_2016-08-04-16-52-11-046&0,487|1,002|0,622!-0,116|0,623|0,204|0,746!&$1
«365_14.8858222_0.0473817_2016-08-04-16-52-11-093&0,487|1,002|0,623!-0,117|0,622|0,205|0,747!&$1
«366_14.9245796_0.0387574_2016-08-04-16-52-11-132&0,487|1,002|0,622!-0,116|0,623|0,205|0,746!&$1
«367_14.9608579_0.0362783_2016-08-04-16-52-11-169&0,487|1,002|0,622!-0,116|0,623|0,205|0,746!&$1
«368_14.9960879_0.03523_2016-08-04-16-52-11-204&0,487|1,002|0,622!-0,117|0,623|0,205|0,746!&$1
«369_15.0341064_0.0380185_2016-08-04-16-52-11-242&0,487|1,002|0,622!-0,116|0,623|0,205|0,746!&$1
«370_15.0701406_0.0360342_2016-08-04-16-52-11-278&0,487|1,002|0,622!-0,117|0,622|0,205|0,747!&$1
«371_15.1076656_0.037525_2016-08-04-16-52-11-315&0,487|1,002|0,622!-0,116|0,623|0,205|0,746!&$1
«372_15.1437051_0.0360395_2016-08-04-16-52-11-351&0,487|1,002|0,622!-0,117|0,623|0,205|0,746!&$1
«373_15.1797419_0.0360368_2016-08-04-16-52-11-387&0,487|1,002|0,622!-0,116|0,623|0,205|0,746!&$1
«374_15.2147649_0.035023_2016-08-04-16-52-11-422&0,487|1,002|0,622!-0,117|0,623|0,205|0,746!&$1
«375_15.2603171_0.0455522_2016-08-04-16-52-11-468&0,487|1,002|0,622!-0,115|0,624|0,205|0,745!&$1
«376_15.2988474_0.0385303_2016-08-04-16-52-11-507&0,487|1,002|0,623!-0,117|0,621|0,204|0,747!&$1
«377_15.3353822_0.0365348_2016-08-04-16-52-11-543&0,487|1,002|0,622!-0,116|0,623|0,205|0,746!&$1
«378_15.3704137_0.0350315_2016-08-04-16-52-11-578&0,487|1,002|0,622!-0,115|0,624|0,205|0,745!&$1
«379_15.4092845_0.0388708_2016-08-04-16-52-11-617&0,487|1,002|0,622!-0,116|0,623|0,205|0,746!&$1
«380_15.4458185_0.036534_2016-08-04-16-52-11-653&0,487|1,002|0,622!-0,116|0,623|0,205|0,746!&$1
«381_15.4827455_0.036927_2016-08-04-16-52-11-690&0,487|1,002|0,623!-0,117|0,622|0,205|0,747!&$1
«382_15.5172786_0.0345331_2016-08-04-16-52-11-725&0,487|1,002|0,622!-0,117|0,623|0,205|0,746!&$1
«383_15.5553105_0.0380319_2016-08-04-16-52-11-763&0,487|1,002|0,622!-0,117|0,622|0,205|0,746!&$1
«384_15.5953504_0.0400399_2016-08-04-16-52-11-803&0,487|1,002|0,622!-0,116|0,623|0,205|0,746!&$1
«385_15.6356607_0.0403103_2016-08-04-16-52-11-843&0,487|1,002|0,623!-0,117|0,621|0,204|0,747!&$1
«386_15.676698_0.0410373_2016-08-04-16-52-11-884&0,487|1,002|0,622!-0,117|0,623|0,205|0,746!&$1
«387_15.716907_0.040209_2016-08-04-16-52-11-925&0,487|1,002|0,622!-0,117|0,623|0,205|0,746!&$1
«388_15.7649478_0.0480408_2016-08-04-16-52-11-973&0,487|1,002|0,622!-0,117|0,622|0,204|0,747!&$1
«389_15.8024808_0.037533_2016-08-04-16-52-12-010&0,487|1,002|0,622!-0,114|0,625|0,205|0,745!&$1
«390_15.8385248_0.036044_2016-08-04-16-52-12-046&0,487|1,002|0,622!-0,116|0,623|0,205|0,746!&$1
«391_15.8780516_0.0395268_2016-08-04-16-52-12-086&0,487|1,002|0,622!-0,116|0,623|0,205|0,746!&$1
«392_15.9175962_0.0395446_2016-08-04-16-52-12-125&0,487|1,002|0,622!-0,115|0,624|0,205|0,745!&$1
«393_15.9541261_0.0365299_2016-08-04-16-52-12-162&0,487|1,002|0,622!-0,114|0,625|0,205|0,745!&$1
«394_15.9936484_0.0395223_2016-08-04-16-52-12-201&0,487|1,002|0,622!-0,117|0,622|0,204|0,747!&$1
«395_16.0311069_0.0374585_2016-08-04-16-52-12-239&0,487|1,002|0,622!-0,117|0,623|0,205|0,746!&$1
«396_16.0669777_0.0358708_2016-08-04-16-52-12-275&0,487|1,002|0,622!-0,116|0,623|0,205|0,746!&$1
«397_16.1057673_0.0387896_2016-08-04-16-52-12-313&0,487|1,002|0,622!-0,116|0,623|0,205|0,746!&$1
«398_16.1493177_0.0435504_2016-08-04-16-52-12-357&0,487|1,002|0,622!-0,116|0,623|0,205|0,746!&$1
«399_16.184326_0.0350083_2016-08-04-16-52-12-392&0,487|1,002|0,622!-0,115|0,624|0,205|0,745!&$1
«400_16.2257229_0.0413969_2016-08-04-16-52-12-433&0,487|1,002|0,623!-0,117|0,621|0,205|0,747!&$1
«401_16.2625183_0.0367954_2016-08-04-16-52-12-470&0,487|1,002|0,622!-0,117|0,622|0,204|0,747!&$1
«402_16.2985565_0.0360382_2016-08-04-16-52-12-506&0,487|1,002|0,623!-0,117|0,621|0,204|0,747!&$1
«403_16.3381988_0.0396423_2016-08-04-16-52-12-546&0,487|1,002|0,622!-0,116|0,623|0,205|0,746!&$1
«404_16.3777292_0.0395304_2016-08-04-16-52-12-585&0,487|1,002|0,622!-0,114|0,624|0,205|0,745!&$1
«405_16.4136286_0.0358994_2016-08-04-16-52-12-621&0,487|1,002|0,622!-0,116|0,623|0,205|0,746!&$1
«406_16.4505712_0.0369426_2016-08-04-16-52-12-658&0,487|1,002|0,623!-0,117|0,621|0,205|0,747!&$1
«407_16.4867758_0.0362046_2016-08-04-16-52-12-694&0,487|1,002|0,622!-0,114|0,625|0,205|0,745!&$1
«408_16.5309817_0.0442059_2016-08-04-16-52-12-739&0,487|1,002|0,622!-0,116|0,624|0,205|0,745!&$1
«409_16.5700203_0.0390386_2016-08-04-16-52-12-778&0,487|1,002|0,622!-0,114|0,625|0,205|0,745!&$1
«410_16.6094802_0.0394599_2016-08-04-16-52-12-817&0,487|1,002|0,622!-0,115|0,625|0,205|0,745!&$1
«411_16.6490283_0.0395481_2016-08-04-16-52-12-857&0,487|1,002|0,622!-0,117|0,623|0,206|0,746!&$1
«412_16.6865591_0.0375308_2016-08-04-16-52-12-894&0,487|1,002|0,622!-0,116|0,623|0,205|0,746!&$1
«413_16.7301069_0.0435478_2016-08-04-16-52-12-938&0,487|1,002|0,622!-0,116|0,623|0,205|0,746!&$1
«414_16.7651477_0.0350408_2016-08-04-16-52-12-973&0,487|1,002|0,622!-0,117|0,623|0,205|0,746!&$1
«415_16.805678_0.0405303_2016-08-04-16-52-13-013&0,487|1,002|0,622!-0,116|0,623|0,205|0,746!&$1
«416_16.8442258_0.0385478_2016-08-04-16-52-13-052&0,487|1,002|0,622!-0,117|0,623|0,206|0,746!&$1
«417_16.8797606_0.0355348_2016-08-04-16-52-13-087&0,487|1,002|0,622!-0,116|0,623|0,205|0,746!&$1
«418_16.9569262_0.0771656_2016-08-04-16-52-13-165&0,487|1,002|0,622!-0,117|0,623|0,206|0,746!&$1
«419_16.9954654_0.0385392_2016-08-04-16-52-13-203&0,487|1,002|0,622!-0,116|0,624|0,205|0,746!&$1
«420_17.0312439_0.0357785_2016-08-04-16-52-13-239&0,487|1,002|0,622!-0,117|0,623|0,205|0,746!&$1
«421_17.0712325_0.0399886_2016-08-04-16-52-13-279&0,487|1,002|0,622!-0,115|0,624|0,205|0,745!&$1
«422_17.1072684_0.0360359_2016-08-04-16-52-13-315&0,487|1,002|0,622!-0,117|0,623|0,205|0,746!&$1
«423_17.1476488_0.0403804_2016-08-04-16-52-13-355&0,487|1,002|0,623!-0,117|0,621|0,205|0,747!&$1
«424_17.1876932_0.0400444_2016-08-04-16-52-13-395&0,487|1,002|0,622!-0,117|0,623|0,206|0,746!&$1
«425_17.2327385_0.0450453_2016-08-04-16-52-13-440&0,487|1,002|0,622!-0,115|0,624|0,205|0,745!&$1
«426_17.2732081_0.0404696_2016-08-04-16-52-13-481&0,487|1,002|0,622!-0,117|0,622|0,205|0,747!&$1
«427_17.3134703_0.0402622_2016-08-04-16-52-13-521&0,487|1,002|0,622!-0,116|0,623|0,205|0,746!&$1
«428_17.3517226_0.0382523_2016-08-04-16-52-13-559&0,487|1,002|0,622!-0,117|0,623|0,206|0,746!&$1
«429_17.388253_0.0365304_2016-08-04-16-52-13-596&0,487|1,002|0,622!-0,117|0,622|0,204|0,747!&$1
«430_17.4258003_0.0375473_2016-08-04-16-52-13-633&0,487|1,002|0,622!-0,117|0,623|0,205|0,746!&$1
«431_17.4608411_0.0350408_2016-08-04-16-52-13-669&0,487|1,002|0,622!-0,117|0,621|0,204|0,747!&$1
«432_17.4958717_0.0350306_2016-08-04-16-52-13-704&0,487|1,002|0,622!-0,113|0,625|0,205|0,745!&$1
«433_17.5344181_0.0385464_2016-08-04-16-52-13-742&0,487|1,002|0,622!-0,117|0,622|0,204|0,747!&$1
«434_17.5704496_0.0360315_2016-08-04-16-52-13-778&0,487|1,002|0,622!-0,116|0,623|0,205|0,746!&$1
«435_17.6057528_0.0353032_2016-08-04-16-52-13-813&0,487|1,002|0,622!-0,116|0,623|0,205|0,746!&$1
«436_17.6417888_0.036036_2016-08-04-16-52-13-849&0,487|1,002|0,622!-0,117|0,622|0,205|0,746!&$1
«437_17.6813338_0.039545_2016-08-04-16-52-13-889&0,487|1,002|0,622!-0,116|0,623|0,205|0,746!&$1
«438_17.7233729_0.0420391_2016-08-04-16-52-13-931&0,487|1,002|0,622!-0,117|0,623|0,206|0,746!&$1
«439_17.7623998_0.0390269_2016-08-04-16-52-13-970&0,487|1,002|0,623!-0,117|0,622|0,204|0,747!&$1
«440_17.7989427_0.0365429_2016-08-04-16-52-14-007&0,487|1,002|0,622!-0,117|0,623|0,204|0,746!&$1
«441_17.8364396_0.0374969_2016-08-04-16-52-14-044&0,487|1,002|0,622!-0,116|0,623|0,205|0,746!&$1
«442_17.8717897_0.0353501_2016-08-04-16-52-14-079&0,487|1,002|0,622!-0,117|0,623|0,205|0,746!&$1
«443_17.9118305_0.0400408_2016-08-04-16-52-14-120&0,487|1,002|0,622!-0,116|0,623|0,205|0,746!&$1
«444_17.984818_0.0729875_2016-08-04-16-52-14-192&0,487|1,002|0,622!-0,116|0,623|0,205|0,746!&$1
«445_18.0228651_0.0380471_2016-08-04-16-52-14-231&0,487|1,002|0,622!-0,116|0,623|0,205|0,746!&$1
«446_18.0585333_0.0356682_2016-08-04-16-52-14-266&0,487|1,002|0,623!-0,117|0,621|0,204|0,747!&$1
«447_18.0939057_0.0353724_2016-08-04-16-52-14-302&0,487|1,002|0,622!-0,116|0,623|0,205|0,746!&$1
«448_18.1351014_0.0411957_2016-08-04-16-52-14-343&0,487|1,002|0,622!-0,117|0,623|0,205|0,746!&$1
«449_18.1710606_0.0359592_2016-08-04-16-52-14-379&0,487|1,002|0,622!-0,116|0,623|0,205|0,746!&$1
«450_18.221399_0.0503384_2016-08-04-16-52-14-429&0,487|1,002|0,622!-0,116|0,623|0,205|0,746!&$1
«451_18.3360824_0.1146834_2016-08-04-16-52-14-544&0,487|1,002|0,622!-0,117|0,623|0,205|0,746!&$1
«452_18.3801718_0.0440894_2016-08-04-16-52-14-588&0,487|1,002|0,622!-0,115|0,624|0,205|0,745!&$1
«453_18.4172095_0.0370377_2016-08-04-16-52-14-625&0,487|1,002|0,622!-0,116|0,623|0,204|0,746!&$1
«454_18.4560103_0.0388008_2016-08-04-16-52-14-664&0,487|1,002|0,623!-0,117|0,622|0,205|0,747!&$1
«455_18.5022871_0.0462768_2016-08-04-16-52-14-710&0,487|1,002|0,622!-0,117|0,623|0,205|0,746!&$1
«456_18.5367349_0.0344478_2016-08-04-16-52-14-744&0,487|1,002|0,622!-0,116|0,623|0,205|0,746!&$1
«457_18.5750466_0.0383117_2016-08-04-16-52-14-783&0,487|1,002|0,623!-0,117|0,622|0,205|0,747!&$1
«458_18.6160888_0.0410422_2016-08-04-16-52-14-824&0,487|1,002|0,622!-0,116|0,623|0,205|0,746!&$1
«459_18.6661563_0.0500675_2016-08-04-16-52-14-874&0,487|1,002|0,622!-0,116|0,623|0,205|0,746!&$1
«460_18.7179543_0.051798_2016-08-04-16-52-14-926&0,487|1,002|0,623!-0,117|0,621|0,204|0,747!&$1
«461_18.7776836_0.0597293_2016-08-04-16-52-14-985&0,487|1,002|0,622!-0,115|0,624|0,205|0,745!&$1
«462_18.8202197_0.0425361_2016-08-04-16-52-15-028&0,487|1,002|0,622!-0,116|0,623|0,205|0,746!&$1
«463_18.8572677_0.037048_2016-08-04-16-52-15-065&0,487|1,002|0,622!-0,117|0,623|0,205|0,746!&$1
«464_18.8932844_0.0360167_2016-08-04-16-52-15-101&0,487|1,002|0,622!-0,116|0,623|0,205|0,746!&$1
«465_18.9310566_0.0377722_2016-08-04-16-52-15-139&0,487|1,002|0,623!-0,117|0,621|0,204|0,747!&$1
«466_18.9744633_0.0434067_2016-08-04-16-52-15-182&0,487|1,002|0,622!-0,117|0,622|0,205|0,746!&$1
«467_19.0099906_0.0355273_2016-08-04-16-52-15-218&0,487|1,002|0,623!-0,117|0,622|0,205|0,747!&$1
«468_19.0454535_0.0354629_2016-08-04-16-52-15-253&0,487|1,002|0,622!-0,116|0,623|0,205|0,746!&$1
«469_19.0812927_0.0358392_2016-08-04-16-52-15-289&0,487|1,002|0,622!-0,117|0,623|0,206|0,746!&$1
«470_19.1163264_0.0350337_2016-08-04-16-52-15-324&0,487|1,002|0,623!-0,117|0,622|0,205|0,747!&$1
«471_19.1731146_0.0567882_2016-08-04-16-52-15-381&0,487|1,002|0,622!-0,116|0,623|0,205|0,746!&$1
«472_19.2104852_0.0373706_2016-08-04-16-52-15-418&0,487|1,002|0,622!-0,116|0,623|0,204|0,746!&$1
«473_19.2470124_0.0365272_2016-08-04-16-52-15-455&0,487|1,002|0,622!-0,117|0,623|0,206|0,746!&$1
«474_19.285557_0.0385446_2016-08-04-16-52-15-493&0,487|1,002|0,623!-0,117|0,621|0,205|0,747!&$1
«475_19.3301083_0.0445513_2016-08-04-16-52-15-538&0,487|1,002|0,622!-0,117|0,622|0,205|0,746!&$1
«476_19.3701496_0.0400413_2016-08-04-16-52-15-578&0,487|1,002|0,623!-0,117|0,621|0,205|0,747!&$1
«477_19.4066862_0.0365366_2016-08-04-16-52-15-614&0,487|1,002|0,622!-0,116|0,623|0,205|0,746!&$1
«478_19.4466922_0.040006_2016-08-04-16-52-15-654&0,487|1,002|0,622!-0,114|0,625|0,205|0,745!&$1
«479_19.5097677_0.0630755_2016-08-04-16-52-15-717&0,487|1,002|0,622!-0,116|0,623|0,205|0,746!&$1
«480_19.5504738_0.0407061_2016-08-04-16-52-15-758&0,487|1,002|0,622!-0,116|0,623|0,205|0,746!&$1
«481_19.5977033_0.0472295_2016-08-04-16-52-15-805&0,487|1,002|0,622!-0,114|0,624|0,205|0,745!&$1
«482_19.6958134_0.0981101_2016-08-04-16-52-15-903&0,487|1,002|0,622!-0,117|0,623|0,206|0,746!&$1
«483_19.7501139_0.0543005_2016-08-04-16-52-15-958&0,487|1,002|0,623!-0,117|0,621|0,204|0,747!&$1
«484_19.7886175_0.0385036_2016-08-04-16-52-15-996&0,487|1,002|0,622!-0,117|0,622|0,204|0,747!&$1
«485_19.8336658_0.0450483_2016-08-04-16-52-16-041&0,487|1,002|0,622!-0,116|0,623|0,205|0,746!&$1
«486_19.895512_0.0618462_2016-08-04-16-52-16-103&0,487|1,002|0,622!-0,116|0,623|0,205|0,746!&$1
«487_19.9450668_0.0495548_2016-08-04-16-52-16-153&0,487|1,002|0,623!-0,117|0,622|0,204|0,747!&$1
«488_19.9833847_0.0383179_2016-08-04-16-52-16-191&0,487|1,002|0,623!-0,117|0,622|0,205|0,747!&$1
«489_20.0304268_0.0470421_2016-08-04-16-52-16-238&0,487|1,002|0,622!-0,116|0,623|0,205|0,746!&$1
«490_20.0708675_0.0404407_2016-08-04-16-52-16-279&0,487|1,002|0,622!-0,116|0,624|0,205|0,745!&$1
«491_20.1091591_0.0382916_2016-08-04-16-52-16-317&0,487|1,002|0,622!-0,117|0,622|0,205|0,747!&$1
«492_20.1536278_0.0444687_2016-08-04-16-52-16-361&0,487|1,002|0,622!-0,116|0,623|0,205|0,746!&$1
«493_20.1968685_0.0432407_2016-08-04-16-52-16-405&0,487|1,002|0,622!-0,117|0,623|0,205|0,746!&$1
«494_20.2314083_0.0345398_2016-08-04-16-52-16-439&0,487|1,002|0,623!-0,117|0,621|0,204|0,747!&$1
«495_20.2694973_0.038089_2016-08-04-16-52-16-477&0,487|1,002|0,622!-0,116|0,623|0,204|0,746!&$1
«496_20.3090361_0.0395388_2016-08-04-16-52-16-517&0,487|1,002|0,622!-0,117|0,623|0,205|0,746!&$1
«497_20.3551492_0.0461131_2016-08-04-16-52-16-563&0,487|1,002|0,622!-0,116|0,623|0,205|0,746!&$1
«498_20.3926871_0.0375379_2016-08-04-16-52-16-600&0,487|1,002|0,622!-0,116|0,623|0,205|0,746!&$1
«499_20.4279631_0.035276_2016-08-04-16-52-16-636&0,487|1,002|0,622!-0,117|0,623|0,205|0,746!&$1
«500_20.468481_0.0405179_2016-08-04-16-52-16-676&0,487|1,002|0,622!-0,116|0,623|0,205|0,746!&$1
«501_20.5229911_0.0545101_2016-08-04-16-52-16-731&0,487|1,002|0,622!-0,116|0,623|0,205|0,746!&$1
«502_20.5585255_0.0355344_2016-08-04-16-52-16-766&0,487|1,002|0,623!-0,117|0,621|0,204|0,747!&$1
«503_20.5965556_0.0380301_2016-08-04-16-52-16-804&0,487|1,002|0,622!-0,116|0,623|0,205|0,746!&$1
«504_20.6395987_0.0430431_2016-08-04-16-52-16-847&0,487|1,002|0,622!-0,114|0,625|0,205|0,745!&$1
«505_20.6841397_0.044541_2016-08-04-16-52-16-892&0,487|1,002|0,622!-0,116|0,623|0,205|0,746!&$1
«506_20.7221783_0.0380386_2016-08-04-16-52-16-930&0,487|1,002|0,622!-0,116|0,623|0,205|0,746!&$1
«507_20.7587207_0.0365424_2016-08-04-16-52-16-966&0,487|1,002|0,622!-0,116|0,624|0,205|0,746!&$1
«508_20.794247_0.0355263_2016-08-04-16-52-17-002&0,487|1,002|0,622!-0,116|0,624|0,205|0,745!&$1
«509_20.8412945_0.0470475_2016-08-04-16-52-17-049&0,487|1,002|0,622!-0,117|0,623|0,204|0,746!&$1
«510_20.8825634_0.0412689_2016-08-04-16-52-17-090&0,487|1,002|0,622!-0,116|0,623|0,205|0,746!&$1
«511_20.9215979_0.0390345_2016-08-04-16-52-17-129&0,487|1,002|0,622!-0,116|0,624|0,205|0,745!&$1
«512_20.9602314_0.0386335_2016-08-04-16-52-17-168&0,487|1,002|0,622!-0,115|0,624|0,204|0,745!&$1
«513_21.0106992_0.0504678_2016-08-04-16-52-17-218&0,487|1,002|0,622!-0,116|0,623|0,205|0,746!&$1
«514_21.0473612_0.036662_2016-08-04-16-52-17-255&0,487|1,002|0,622!-0,117|0,623|0,206|0,746!&$1
«515_21.0829018_0.0355406_2016-08-04-16-52-17-291&0,487|1,002|0,622!-0,117|0,623|0,205|0,746!&$1
«516_21.1270845_0.0441827_2016-08-04-16-52-17-335&0,487|1,002|0,623!-0,117|0,622|0,205|0,747!&$1
«517_21.1716326_0.0445481_2016-08-04-16-52-17-379&0,487|1,002|0,622!-0,117|0,623|0,205|0,746!&$1
«518_21.2087029_0.0370703_2016-08-04-16-52-17-416&0,487|1,002|0,622!-0,117|0,624|0,204|0,745!&$1
«519_21.245215_0.0365121_2016-08-04-16-52-17-453&0,487|1,002|0,622!-0,116|0,623|0,205|0,746!&$1
«520_21.3002553_0.0550403_2016-08-04-16-52-17-508&0,487|1,002|0,623!-0,117|0,621|0,204|0,747!&$1
«521_21.3474357_0.0471804_2016-08-04-16-52-17-555&0,487|1,002|0,622!-0,117|0,623|0,205|0,746!&$1
«522_21.3869844_0.0395487_2016-08-04-16-52-17-595&0,487|1,002|0,622!-0,114|0,625|0,205|0,745!&$1
«523_21.4310314_0.044047_2016-08-04-16-52-17-639&0,487|1,002|0,622!-0,116|0,623|0,205|0,746!&$1
«524_21.4940962_0.0630648_2016-08-04-16-52-17-702&0,487|1,002|0,622!-0,117|0,623|0,206|0,746!&$1
«525_21.5398906_0.0457944_2016-08-04-16-52-17-748&0,487|1,002|0,623!-0,117|0,621|0,204|0,747!&$1
«526_21.5769333_0.0370427_2016-08-04-16-52-17-785&0,487|1,002|0,622!-0,116|0,623|0,205|0,746!&$1
«527_21.6184712_0.0415379_2016-08-04-16-52-17-826&0,487|1,002|0,622!-0,117|0,623|0,205|0,746!&$1
«528_21.6573692_0.038898_2016-08-04-16-52-17-865&0,487|1,002|0,622!-0,116|0,624|0,205|0,745!&$1
«529_21.7063801_0.0490109_2016-08-04-16-52-17-914&0,487|1,002|0,622!-0,117|0,623|0,204|0,746!&$1
«530_21.7459314_0.0395513_2016-08-04-16-52-17-954&0,487|1,002|0,622!-0,114|0,625|0,205|0,745!&$1
«531_21.7833132_0.0373818_2016-08-04-16-52-17-991&0,487|1,002|0,622!-0,117|0,623|0,206|0,746!&$1
«532_21.8233477_0.0400345_2016-08-04-16-52-18-031&0,487|1,002|0,622!-0,117|0,623|0,205|0,746!&$1
«533_21.878857_0.0555093_2016-08-04-16-52-18-087&0,487|1,002|0,622!-0,116|0,623|0,205|0,746!&$1
«534_21.9182004_0.0393434_2016-08-04-16-52-18-126&0,487|1,002|0,622!-0,117|0,622|0,205|0,747!&$1
«535_21.9542434_0.036043_2016-08-04-16-52-18-162&0,487|1,002|0,622!-0,114|0,625|0,205|0,745!&$1
«536_21.9907756_0.0365322_2016-08-04-16-52-18-198&0,487|1,002|0,622!-0,115|0,624|0,205|0,745!&$1
«537_22.0398342_0.0490586_2016-08-04-16-52-18-248&0,487|1,002|0,622!-0,116|0,623|0,205|0,746!&$1
«538_22.0843864_0.0445522_2016-08-04-16-52-18-292&0,487|1,002|0,622!-0,114|0,625|0,205|0,745!&$1
«539_22.1209216_0.0365352_2016-08-04-16-52-18-329&0,487|1,002|0,622!-0,116|0,623|0,205|0,746!&$1
«540_22.1613699_0.0404483_2016-08-04-16-52-18-369&0,487|1,002|0,622!-0,116|0,623|0,204|0,746!&$1
«541_22.2059149_0.044545_2016-08-04-16-52-18-414&0,487|1,002|0,622!-0,116|0,623|0,205|0,746!&$1
«542_22.2429544_0.0370395_2016-08-04-16-52-18-451&0,487|1,002|0,622!-0,116|0,624|0,205|0,746!&$1
«543_22.2849608_0.0420064_2016-08-04-16-52-18-493&0,487|1,002|0,623!-0,117|0,622|0,205|0,747!&$1
«544_22.3227719_0.0378111_2016-08-04-16-52-18-530&0,487|1,002|0,622!-0,116|0,623|0,205|0,746!&$1
«545_22.3837563_0.0609844_2016-08-04-16-52-18-591&0,487|1,002|0,623!-0,117|0,621|0,204|0,747!&$1
«546_22.4195888_0.0358325_2016-08-04-16-52-18-627&0,487|1,002|0,622!-0,116|0,623|0,205|0,746!&$1
«547_22.4530295_0.0334407_2016-08-04-16-52-18-661&0,487|1,002|0,622!-0,117|0,623|0,206|0,746!&$1
«548_22.4919802_0.0389507_2016-08-04-16-52-18-700&0,487|1,002|0,622!-0,117|0,621|0,204|0,747!&$1
«549_22.5377831_0.0458029_2016-08-04-16-52-18-745&0,487|1,002|0,622!-0,116|0,623|0,205|0,746!&$1
«550_22.5813322_0.0435491_2016-08-04-16-52-18-789&0,487|1,002|0,623!-0,117|0,622|0,205|0,747!&$1
«551_22.6248745_0.0435423_2016-08-04-16-52-18-833&0,487|1,002|0,622!-0,117|0,622|0,205|0,746!&$1
«552_22.6614138_0.0365393_2016-08-04-16-52-18-869&0,487|1,002|0,622!-0,117|0,622|0,204|0,747!&$1
«553_22.7137375_0.0523237_2016-08-04-16-52-18-921&0,487|1,002|0,622!-0,116|0,623|0,205|0,746!&$1
«554_22.753777_0.0400395_2016-08-04-16-52-18-961&0,487|1,002|0,622!-0,116|0,623|0,205|0,746!&$1
«555_22.7903189_0.0365419_2016-08-04-16-52-18-998&0,487|1,002|0,622!-0,117|0,623|0,204|0,746!&$1
«556_22.8263562_0.0360373_2016-08-04-16-52-19-034&0,487|1,002|0,622!-0,116|0,623|0,205|0,746!&$1
«557_22.8704836_0.0441274_2016-08-04-16-52-19-078&0,487|1,002|0,622!-0,116|0,623|0,205|0,746!&$1
«558_22.9125092_0.0420256_2016-08-04-16-52-19-120&0,487|1,002|0,622!-0,117|0,623|0,205|0,746!&$1
«559_22.9490578_0.0365486_2016-08-04-16-52-19-157&0,487|1,002|0,622!-0,116|0,623|0,205|0,746!&$1
«560_22.9883387_0.0392809_2016-08-04-16-52-19-196&0,487|1,002|0,622!-0,114|0,625|0,205|0,745!&$1
«561_23.0386138_0.0502751_2016-08-04-16-52-19-246&0,487|1,002|0,622!-0,116|0,623|0,205|0,746!&$1
«562_23.1099538_0.07134_2016-08-04-16-52-19-318&0,487|1,002|0,623!-0,117|0,621|0,205|0,747!&$1
«563_23.1509197_0.0409659_2016-08-04-16-52-19-359&0,487|1,002|0,622!-0,116|0,623|0,205|0,746!&$1
«564_23.192915_0.0419953_2016-08-04-16-52-19-401&0,487|1,002|0,622!-0,117|0,622|0,205|0,746!&$1
«565_23.2304498_0.0375348_2016-08-04-16-52-19-438&0,487|1,002|0,622!-0,117|0,623|0,205|0,745!&$1
«566_23.2679993_0.0375495_2016-08-04-16-52-19-476&0,487|1,002|0,622!-0,116|0,623|0,205|0,746!&$1
«567_23.3049389_0.0369396_2016-08-04-16-52-19-513&0,487|1,002|0,622!-0,117|0,622|0,205|0,746!&$1
«568_23.3584125_0.0534736_2016-08-04-16-52-19-566&0,487|1,002|0,622!-0,117|0,623|0,206|0,746!&$1
«569_23.395945_0.0375325_2016-08-04-16-52-19-604&0,487|1,002|0,623!-0,117|0,622|0,204|0,747!&$1
«570_23.4361858_0.0402408_2016-08-04-16-52-19-644&0,487|1,002|0,622!-0,117|0,623|0,205|0,746!&$1
«571_23.4742212_0.0380354_2016-08-04-16-52-19-682&0,487|1,002|0,622!-0,117|0,622|0,205|0,746!&$1
«572_23.5280826_0.0538614_2016-08-04-16-52-19-736&0,487|1,002|0,622!-0,115|0,624|0,205|0,745!&$1
«573_23.6053137_0.0772311_2016-08-04-16-52-19-813&0,487|1,002|0,622!-0,116|0,623|0,205|0,746!&$1
«574_23.6446495_0.0393358_2016-08-04-16-52-19-852&0,487|1,002|0,622!-0,117|0,623|0,205|0,746!&$1
«575_23.6811393_0.0364898_2016-08-04-16-52-19-889&0,487|1,002|0,622!-0,116|0,623|0,205|0,746!&$1
«576_23.7211743_0.040035_2016-08-04-16-52-19-929&0,487|1,002|0,622!-0,116|0,623|0,205|0,746!&$1
«577_23.7583494_0.0371751_2016-08-04-16-52-19-966&0,487|1,002|0,622!-0,116|0,623|0,205|0,746!&$1
«578_23.7970266_0.0386772_2016-08-04-16-52-20-005&0,487|1,002|0,622!-0,116|0,623|0,205|0,746!&$1
«579_23.8320599_0.0350333_2016-08-04-16-52-20-040&0,487|1,002|0,622!-0,116|0,624|0,205|0,745!&$1
«580_23.8681605_0.0361006_2016-08-04-16-52-20-076&0,487|1,002|0,622!-0,117|0,623|0,206|0,746!&$1
«581_23.9047658_0.0366053_2016-08-04-16-52-20-112&0,487|1,002|0,622!-0,115|0,624|0,204|0,745!&$1
«582_23.9415327_0.0367669_2016-08-04-16-52-20-149&0,487|1,002|0,622!-0,114|0,624|0,205|0,745!&$1
«583_23.9805735_0.0390408_2016-08-04-16-52-20-188&0,487|1,002|0,622!-0,116|0,623|0,205|0,746!&$1
«584_24.0221007_0.0415272_2016-08-04-16-52-20-230&0,487|1,002|0,623!-0,117|0,622|0,205|0,747!&$1
«585_24.0701571_0.0480564_2016-08-04-16-52-20-278&0,487|1,002|0,623!-0,117|0,622|0,204|0,747!&$1
«586_24.1056919_0.0355348_2016-08-04-16-52-20-313&0,487|1,002|0,622!-0,117|0,623|0,205|0,746!&$1
«587_24.1457332_0.0400413_2016-08-04-16-52-20-353&0,487|1,002|0,622!-0,116|0,623|0,205|0,746!&$1
«588_24.1845844_0.0388512_2016-08-04-16-52-20-392&0,487|1,002|0,622!-0,116|0,623|0,205|0,746!&$1
«589_24.2236225_0.0390381_2016-08-04-16-52-20-431&0,487|1,002|0,622!-0,115|0,624|0,205|0,745!&$1
«590_24.2606741_0.0370516_2016-08-04-16-52-20-468&0,487|1,002|0,622!-0,117|0,623|0,205|0,746!&$1
«591_24.3089348_0.0482607_2016-08-04-16-52-20-517&0,487|1,002|0,622!-0,117|0,623|0,205|0,746!&$1
«592_24.3474661_0.0385313_2016-08-04-16-52-20-555&0,487|1,002|0,622!-0,116|0,623|0,205|0,746!&$1
«593_24.3841544_0.0366883_2016-08-04-16-52-20-592&0,487|1,002|0,622!-0,116|0,623|0,205|0,746!&$1
«594_24.4206959_0.0365415_2016-08-04-16-52-20-628&0,487|1,002|0,622!-0,117|0,623|0,205|0,746!&$1
«595_24.464979_0.0442831_2016-08-04-16-52-20-673&0,487|1,002|0,623!-0,117|0,621|0,205|0,747!&$1
«596_24.5077842_0.0428052_2016-08-04-16-52-20-715&0,487|1,002|0,622!-0,117|0,623|0,204|0,746!&$1
«597_24.5586902_0.050906_2016-08-04-16-52-20-766&0,487|1,002|0,622!-0,116|0,624|0,205|0,746!&$1
«598_24.5987292_0.040039_2016-08-04-16-52-20-806&0,487|1,002|0,622!-0,116|0,623|0,205|0,746!&$1
«599_24.6342609_0.0355317_2016-08-04-16-52-20-842&0,487|1,002|0,622!-0,114|0,625|0,204|0,745!&$1
«600_24.6759412_0.0416803_2016-08-04-16-52-20-884&0,487|1,002|0,622!-0,114|0,624|0,205|0,745!&$1
«601_24.7234496_0.0475084_2016-08-04-16-52-20-931&0,487|1,002|0,622!-0,117|0,623|0,205|0,746!&$1
«602_24.7661776_0.042728_2016-08-04-16-52-20-974&0,487|1,002|0,622!-0,116|0,624|0,205|0,746!&$1
«603_24.8082131_0.0420355_2016-08-04-16-52-21-016&0,487|1,002|0,622!-0,116|0,624|0,204|0,746!&$1
«604_24.8497447_0.0415316_2016-08-04-16-52-21-057&0,487|1,002|0,622!-0,117|0,622|0,205|0,746!&$1
«605_24.8897887_0.040044_2016-08-04-16-52-21-097&0,487|1,002|0,622!-0,116|0,624|0,205|0,746!&$1
«606_24.9308241_0.0410354_2016-08-04-16-52-21-138&0,487|1,002|0,622!-0,117|0,622|0,204|0,747!&$1
«607_24.9688047_0.0379806_2016-08-04-16-52-21-176&0,487|1,002|0,622!-0,116|0,623|0,205|0,746!&$1
«608_25.007294_0.0384893_2016-08-04-16-52-21-215&0,487|1,002|0,622!-0,116|0,623|0,205|0,746!&$1
«609_25.0543517_0.0470577_2016-08-04-16-52-21-262&0,487|1,002|0,623!-0,117|0,622|0,205|0,747!&$1
«610_25.100862_0.0465103_2016-08-04-16-52-21-309&0,487|1,002|0,623!-0,117|0,621|0,204|0,747!&$1
«611_25.1422241_0.0413621_2016-08-04-16-52-21-350&0,487|1,002|0,623!-0,117|0,622|0,204|0,747!&$1
«612_25.1937641_0.05154_2016-08-04-16-52-21-401&0,487|1,002|0,622!-0,117|0,623|0,206|0,746!&$1
«613_25.2337608_0.0399967_2016-08-04-16-52-21-441&0,487|1,002|0,622!-0,117|0,623|0,204|0,746!&$1
«614_25.2682992_0.0345384_2016-08-04-16-52-21-476&0,487|1,002|0,623!-0,117|0,622|0,204|0,747!&$1
«615_25.3063315_0.0380323_2016-08-04-16-52-21-514&0,487|1,002|0,622!-0,116|0,623|0,205|0,746!&$1
«616_25.343873_0.0375415_2016-08-04-16-52-21-552&0,487|1,002|0,622!-0,116|0,623|0,205|0,746!&$1
«617_25.3795904_0.0357174_2016-08-04-16-52-21-587&0,487|1,002|0,622!-0,115|0,624|0,204|0,745!&$1
«618_25.4160824_0.036492_2016-08-04-16-52-21-624&0,487|1,002|0,622!-0,116|0,623|0,205|0,746!&$1
«619_25.4519996_0.0359172_2016-08-04-16-52-21-660&0,487|1,002|0,622!-0,116|0,623|0,205|0,746!&$1
«620_25.4887598_0.0367602_2016-08-04-16-52-21-696&0,487|1,002|0,622!-0,116|0,624|0,205|0,746!&$1
«621_25.5370187_0.0482589_2016-08-04-16-52-21-745&0,487|1,002|0,622!-0,117|0,623|0,204|0,746!&$1
«622_25.5758565_0.0388378_2016-08-04-16-52-21-784&0,487|1,002|0,622!-0,116|0,624|0,205|0,745!&$1
«623_25.6118171_0.0359606_2016-08-04-16-52-21-819&0,487|1,002|0,622!-0,117|0,623|0,205|0,746!&$1
«624_25.6475799_0.0357628_2016-08-04-16-52-21-855&0,487|1,002|0,622!-0,117|0,622|0,205|0,747!&$1
«625_25.6830219_0.035442_2016-08-04-16-52-21-891&0,487|1,002|0,622!-0,116|0,623|0,205|0,746!&$1
«626_25.7191542_0.0361323_2016-08-04-16-52-21-927&0,487|1,002|0,622!-0,116|0,623|0,205|0,746!&$1
«627_25.7600826_0.0409284_2016-08-04-16-52-21-968&0,487|1,002|0,622!-0,117|0,623|0,206|0,746!&$1
«628_25.7963644_0.0362818_2016-08-04-16-52-22-004&0,487|1,002|0,622!-0,117|0,623|0,205|0,746!&$1
«629_25.8329014_0.036537_2016-08-04-16-52-22-041&0,487|1,002|0,622!-0,115|0,624|0,205|0,745!&$1
«630_25.87499_0.0420886_2016-08-04-16-52-22-083&0,487|1,002|0,622!-0,114|0,624|0,205|0,745!&$1
«631_25.9120237_0.0370337_2016-08-04-16-52-22-120&0,487|1,002|0,622!-0,116|0,623|0,205|0,746!&$1
«632_25.9505764_0.0385527_2016-08-04-16-52-22-158&0,487|1,002|0,622!-0,117|0,623|0,206|0,746!&$1
«633_25.9971905_0.0466141_2016-08-04-16-52-22-205&0,487|1,002|0,622!-0,116|0,623|0,205|0,746!&$1
«634_26.0392313_0.0420408_2016-08-04-16-52-22-247&0,487|1,002|0,622!-0,116|0,624|0,205|0,746!&$1
«635_26.0747648_0.0355335_2016-08-04-16-52-22-282&0,487|1,002|0,622!-0,116|0,623|0,205|0,746!&$1
«636_26.1137976_0.0390328_2016-08-04-16-52-22-321&0,487|1,002|0,622!-0,117|0,623|0,205|0,746!&$1
«637_26.1546292_0.0408316_2016-08-04-16-52-22-362&0,487|1,002|0,622!-0,116|0,623|0,205|0,746!&$1
«638_26.1939707_0.0393415_2016-08-04-16-52-22-402&0,487|1,002|0,623!-0,117|0,622|0,204|0,747!&$1
«639_26.2298224_0.0358517_2016-08-04-16-52-22-437&0,487|1,002|0,622!-0,116|0,623|0,205|0,746!&$1
«640_26.2676147_0.0377923_2016-08-04-16-52-22-475&0,487|1,002|0,622!-0,117|0,623|0,205|0,746!&$1
«641_26.3041548_0.0365401_2016-08-04-16-52-22-512&0,487|1,002|0,622!-0,117|0,622|0,205|0,746!&$1
«642_26.3436963_0.0395415_2016-08-04-16-52-22-551&0,487|1,002|0,622!-0,116|0,623|0,205|0,746!&$1
«643_26.3825783_0.038882_2016-08-04-16-52-22-590&0,487|1,002|0,622!-0,116|0,623|0,205|0,746!&$1
«644_26.4246133_0.042035_2016-08-04-16-52-22-632&0,487|1,002|0,622!-0,116|0,623|0,205|0,746!&$1
«645_26.493073_0.0684597_2016-08-04-16-52-22-701&0,487|1,002|0,622!-0,116|0,623|0,204|0,746!&$1
«646_26.5414877_0.0484147_2016-08-04-16-52-22-749&0,487|1,002|0,622!-0,117|0,622|0,205|0,746!&$1
«647_26.5854085_0.0439208_2016-08-04-16-52-22-793&0,487|1,002|0,622!-0,115|0,624|0,205|0,745!&$1
«648_26.6234457_0.0380372_2016-08-04-16-52-22-831&0,487|1,002|0,622!-0,117|0,623|0,205|0,746!&$1
«649_26.6664249_0.0429792_2016-08-04-16-52-22-874&0,487|1,002|0,623!-0,117|0,622|0,204|0,747!&$1
«650_26.7097469_0.043322_2016-08-04-16-52-22-917&0,487|1,002|0,622!-0,115|0,624|0,205|0,745!&$1
«651_26.752026_0.0422791_2016-08-04-16-52-22-960&0,487|1,002|0,622!-0,116|0,624|0,205|0,746!&$1
«652_26.7900681_0.0380421_2016-08-04-16-52-22-998&0,487|1,002|0,622!-0,116|0,623|0,206|0,745!&$1
«653_26.8306029_0.0405348_2016-08-04-16-52-23-038&0,487|1,002|0,622!-0,117|0,623|0,205|0,746!&$1
«654_26.8706513_0.0400484_2016-08-04-16-52-23-078&0,487|1,002|0,623!-0,117|0,621|0,204|0,747!&$1
«655_26.9085338_0.0378825_2016-08-04-16-52-23-116&0,487|1,002|0,622!-0,116|0,623|0,205|0,746!&$1
«656_26.9461667_0.0376329_2016-08-04-16-52-23-154&0,487|1,002|0,622!-0,114|0,625|0,205|0,745!&$1
«657_26.9877194_0.0415527_2016-08-04-16-52-23-195&0,487|1,002|0,622!-0,117|0,623|0,205|0,746!&$1
«658_27.0352626_0.0475432_2016-08-04-16-52-23-243&0,487|1,002|0,623!-0,117|0,621|0,204|0,747!&$1
«659_27.0808192_0.0455566_2016-08-04-16-52-23-288&0,487|1,002|0,622!-0,117|0,622|0,205|0,747!&$1
«660_27.1208574_0.0400382_2016-08-04-16-52-23-329&0,487|1,002|0,622!-0,116|0,624|0,204|0,745!&$1
«661_27.1603975_0.0395401_2016-08-04-16-52-23-368&0,487|1,002|0,622!-0,116|0,624|0,205|0,746!&$1
«662_27.19828_0.0378825_2016-08-04-16-52-23-406&0,487|1,002|0,622!-0,117|0,623|0,205|0,746!&$1
«663_27.2358103_0.0375303_2016-08-04-16-52-23-443&0,487|1,002|0,622!-0,116|0,623|0,205|0,746!&$1
«664_27.2780863_0.042276_2016-08-04-16-52-23-486&0,487|1,002|0,622!-0,116|0,623|0,205|0,746!&$1
«665_27.3147313_0.036645_2016-08-04-16-52-23-522&0,487|1,002|0,622!-0,116|0,623|0,205|0,746!&$1
«666_27.3562799_0.0415486_2016-08-04-16-52-23-564&0,487|1,002|0,622!-0,114|0,625|0,205|0,745!&$1
«667_27.3993314_0.0430515_2016-08-04-16-52-23-607&0,487|1,002|0,623!-0,117|0,622|0,204|0,747!&$1
«668_27.4378716_0.0385402_2016-08-04-16-52-23-646&0,487|1,002|0,622!-0,117|0,623|0,205|0,746!&$1
«669_27.4779098_0.0400382_2016-08-04-16-52-23-686&0,487|1,002|0,622!-0,116|0,623|0,205|0,746!&$1
«670_27.5248796_0.0469698_2016-08-04-16-52-23-733&0,487|1,002|0,622!-0,117|0,622|0,204|0,747!&$1
«671_27.5617477_0.0368681_2016-08-04-16-52-23-769&0,487|1,002|0,622!-0,116|0,624|0,205|0,746!&$1
«672_27.609805_0.0480573_2016-08-04-16-52-23-817&0,487|1,002|0,622!-0,116|0,623|0,205|0,746!&$1
«673_27.6513434_0.0415384_2016-08-04-16-52-23-859&0,487|1,002|0,622!-0,116|0,623|0,205|0,746!&$1
«674_27.6978576_0.0465142_2016-08-04-16-52-23-906&0,487|1,002|0,622!-0,116|0,623|0,205|0,746!&$1
«675_27.7476645_0.0498069_2016-08-04-16-52-23-955&0,487|1,002|0,622!-0,117|0,623|0,205|0,746!&$1
«676_27.7897018_0.0420373_2016-08-04-16-52-23-997&0,487|1,002|0,622!-0,114|0,625|0,205|0,745!&$1
«677_27.8367421_0.0470403_2016-08-04-16-52-24-044&0,487|1,002|0,622!-0,115|0,624|0,205|0,745!&$1
«678_27.874583_0.0378409_2016-08-04-16-52-24-082&0,487|1,002|0,622!-0,117|0,623|0,205|0,746!&$1
«679_27.9304845_0.0559015_2016-08-04-16-52-24-138&0,487|1,002|0,622!-0,116|0,623|0,205|0,746!&$1
«680_27.9733794_0.0428949_2016-08-04-16-52-24-181&0,487|1,002|0,622!-0,117|0,623|0,205|0,746!&$1
«681_28.0228374_0.049458_2016-08-04-16-52-24-231&0,487|1,002|0,622!-0,116|0,623|0,205|0,746!&$1
«682_28.0608818_0.0380444_2016-08-04-16-52-24-269&0,487|1,002|0,622!-0,116|0,623|0,205|0,746!&$1
«683_28.1009436_0.0400618_2016-08-04-16-52-24-309&0,487|1,002|0,622!-0,116|0,623|0,205|0,746!&$1
«684_28.1474886_0.046545_2016-08-04-16-52-24-355&0,487|1,002|0,622!-0,116|0,623|0,205|0,746!&$1
«685_28.1862497_0.0387611_2016-08-04-16-52-24-394&0,487|1,002|0,622!-0,116|0,623|0,205|0,746!&$1
«686_28.2234654_0.0372157_2016-08-04-16-52-24-431&0,487|1,002|0,623!-0,117|0,621|0,204|0,747!&$1
«687_28.2630114_0.039546_2016-08-04-16-52-24-471&0,487|1,002|0,623!-0,117|0,621|0,204|0,747!&$1
«688_28.304556_0.0415446_2016-08-04-16-52-24-512&0,487|1,002|0,622!-0,116|0,623|0,205|0,746!&$1
«689_28.3486022_0.0440462_2016-08-04-16-52-24-556&0,487|1,002|0,622!-0,117|0,623|0,206|0,745!&$1
«690_28.3896461_0.0410439_2016-08-04-16-52-24-597&0,487|1,002|0,622!-0,116|0,623|0,205|0,746!&$1
«691_28.429952_0.0403059_2016-08-04-16-52-24-638&0,487|1,002|0,623!-0,117|0,622|0,204|0,747!&$1
«692_28.4679424_0.0379904_2016-08-04-16-52-24-676&0,487|1,002|0,622!-0,116|0,623|0,205|0,746!&$1
«693_28.5044843_0.0365419_2016-08-04-16-52-24-712&0,487|1,002|0,622!-0,117|0,623|0,205|0,746!&$1
«694_28.5507639_0.0462796_2016-08-04-16-52-24-758&0,487|1,002|0,622!-0,116|0,623|0,205|0,746!&$1
«695_28.5906199_0.039856_2016-08-04-16-52-24-798&0,487|1,002|0,622!-0,116|0,623|0,205|0,746!&$1
«696_28.6293908_0.0387709_2016-08-04-16-52-24-837&0,487|1,002|0,623!-0,117|0,621|0,204|0,747!&$1
«697_28.6652233_0.0358325_2016-08-04-16-52-24-873&0,487|1,002|0,622!-0,116|0,623|0,205|0,746!&$1
«698_28.7067688_0.0415455_2016-08-04-16-52-24-914&0,487|1,002|0,623!-0,117|0,621|0,205|0,747!&$1
«699_28.744404_0.0376352_2016-08-04-16-52-24-952&0,487|1,002|0,622!-0,116|0,623|0,205|0,746!&$1
«700_28.7849513_0.0405473_2016-08-04-16-52-24-993&0,487|1,002|0,622!-0,116|0,623|0,205|0,746!&$1
«701_28.8228096_0.0378583_2016-08-04-16-52-25-030&0,487|1,002|0,623!-0,117|0,622|0,204|0,747!&$1
«702_28.8623212_0.0395116_2016-08-04-16-52-25-070&0,487|1,002|0,622!-0,116|0,623|0,205|0,746!&$1
«703_28.9043249_0.0420037_2016-08-04-16-52-25-112&0,487|1,002|0,622!-0,117|0,622|0,205|0,746!&$1
«704_28.9447294_0.0404045_2016-08-04-16-52-25-152&0,487|1,002|0,622!-0,116|0,624|0,205|0,745!&$1
«705_28.9845837_0.0398543_2016-08-04-16-52-25-192&0,487|1,002|0,622!-0,117|0,623|0,206|0,746!&$1
«706_29.0278686_0.0432849_2016-08-04-16-52-25-236&0,487|1,002|0,622!-0,116|0,623|0,205|0,746!&$1
«707_29.0666538_0.0387852_2016-08-04-16-52-25-274&0,487|1,002|0,622!-0,117|0,623|0,205|0,746!&$1
«708_29.1038856_0.0372318_2016-08-04-16-52-25-312&0,487|1,002|0,622!-0,117|0,623|0,205|0,746!&$1
«709_29.1404191_0.0365335_2016-08-04-16-52-25-348&0,487|1,002|0,622!-0,116|0,623|0,205|0,746!&$1
«710_29.222801_0.0823819_2016-08-04-16-52-25-430&0,487|1,002|0,622!-0,116|0,623|0,205|0,746!&$1
«711_29.2642657_0.0414647_2016-08-04-16-52-25-472&0,487|1,002|0,622!-0,117|0,623|0,206|0,745!&$1
«712_29.3011937_0.036928_2016-08-04-16-52-25-509&0,487|1,002|0,622!-0,116|0,623|0,205|0,746!&$1
«713_29.3389244_0.0377307_2016-08-04-16-52-25-547&0,487|1,002|0,622!-0,116|0,624|0,205|0,746!&$1
«714_29.375382_0.0364576_2016-08-04-16-52-25-583&0,487|1,002|0,622!-0,116|0,623|0,205|0,746!&$1
«715_29.4128753_0.0374933_2016-08-04-16-52-25-621&0,487|1,002|0,622!-0,116|0,623|0,205|0,746!&$1
«716_29.4549175_0.0420422_2016-08-04-16-52-25-663&0,487|1,002|0,622!-0,116|0,623|0,205|0,746!&$1
«717_29.4959311_0.0410136_2016-08-04-16-52-25-704&0,487|1,002|0,622!-0,117|0,623|0,205|0,746!&$1
«718_29.5487259_0.0527948_2016-08-04-16-52-25-756&0,487|1,002|0,622!-0,117|0,623|0,206|0,746!&$1
«719_29.5887797_0.0400538_2016-08-04-16-52-25-796&0,487|1,002|0,622!-0,117|0,622|0,205|0,746!&$1
£20160804T165225£Fim£

